1.660119173547638605e+00
9.244556336615958880e-01
1.501788222858316590e+00
1.834838881281843248e+00
3.920428348428205145e-02
4.020459285270118199e-01
6.351949350949439577e-01
2.086496178124166295e-02
2.681990533411667821e-01
1.898984337398132438e-01
3.420366544634879657e-01
1.722238163302824143e-01
2.275160283697066799e+00
1.215417921725770567e+00
1.124078220973712572e+00
8.462800067668707626e-01
6.681164178734055881e-01
1.043880827242668063e+00
3.743421866500160067e-01
1.417183815882326892e-01
3.681200085568920310e-01
3.247740470931981260e-02
1.161667397712473182e+00
3.403954920455188882e-01
3.411859769859576730e+00
2.032637911363419647e+00
1.897778642393245452e+00
6.662697976986993176e-01
1.037248313365409347e+00
1.140314622273712386e+00
1.902956573115939798e-01
1.362525703090731732e-01
1.351536153034857690e-01
1.813816633520182409e+00
1.334708360921943004e+00
1.057210197482192360e+00
1.968511082177156313e+00
2.293287724624736512e+00
1.953770011290890229e+00
3.316984341778613565e+00
3.411859769859576730e+00
1.617500074750400363e-01
2.467751048546229509e-02
1.117451160835730983e-01
2.244540433561093701e-02
1.244352329112395628e-01
9.960578084032568891e-02
1.360296789674540152e+00
2.880752249973121959e-01
7.316109457260324689e-01
1.336619806635544805e+00
7.111507031680354418e-02
5.978902597615771697e-01
1.822083164716591375e-01
1.629844043652370622e-01
1.363526418845699417e-02
3.007801610490842825e-06
1.108414448586490797e-02
2.359544316077559212e-01
2.968817760971745323e-02
1.061905115664920629e-01
1.212431265512132761e-01
8.401669004115976946e-01
3.912166297129018866e-02
1.637248455397401492e-01
7.389491365192041306e-03
8.924153745038787555e-01
8.403128479487333158e-02
2.038719944479673030e-01
3.437881304772315572e-01
5.007761509802653999e-01
9.781618535134964376e-02
2.051293377744426216e+00
8.647474180008063449e-01
6.074689075548016237e-02
1.145924312469810635e+00
4.917516105919078062e-01
4.145564324776473963e-02
1.792936130492998187e-02
2.386964103249819003e-01
3.941484372369361000e-02
1.184106228906389169e-01
1.009460659448162323e+00
2.699112230496644393e+00
1.377987764993025888e+00
7.283054269449793505e-01
1.327737945895840044e+00
5.496791053025184004e-01
5.143648285649125018e-01
1.471257938974787072e+00
8.994520208451467491e-02
7.111507031680354418e-02
6.724407846166249314e-01
2.920821054194216448e-01
8.925017326176939991e-02
1.650380024200024109e-01
2.458062285172760708e-01
5.992402903777147016e-02
6.455196905688909137e-02
7.890269211360672053e-01
3.004105823462455138e-01
7.358424599363226903e-01
4.377905510615952567e-01
3.785325683861204965e-02
8.161382438866422451e-01
9.835367041321049220e-01
1.749017576171149699e-06
1.048506295547439737e-02
1.019101806103744901e-02
1.813732535075687768e-02
5.619554140860585911e-02
1.384601417003536727e-01
7.740068225455338791e-01
2.217365223995116930e-01
4.432632953416502930e-02
1.187790623964847470e+00
9.390442995665188031e-02
7.412521076260261133e-01
3.962466513830026349e-01
2.513987546352255631e+00
3.659794629371508012e+00
2.371345138461509627e+00
2.480132567367411833e-01
1.246781929360957497e-01
2.100561275133758926e-02
9.957936948380145814e-03
1.238015530193894292e-02
1.816412659570181692e-02
2.054604615941067053e-03
5.306618290050553466e-02
2.283476443518608900e-02
4.727705643438607219e-01
2.439546641521293802e-01
6.901771743236634338e-02
1.674612297223216917e+00
9.573927971762195011e-01
1.277311480552253131e-01
5.709873068382651518e-01
1.266645341445604700e-01
3.809234039452168430e-01
5.869219079004228679e-01
3.449394754636976312e-01
2.742854066150031689e-01
2.392168375174003325e-01
2.703732210074638043e-01
1.236391646446380888e-01
1.106881728962233469e-01
3.543797921120245054e+00
3.844916439728832125e-02
3.593767026150331001e-02
5.268770014121214318e-02
8.186730975308131875e-01
6.062461871235538813e-02
6.815781134805282138e-02
6.479569030101238469e-03
5.943507688816871415e-01
4.478767570356343986e-01
2.277331168149161478e-01
1.771039037844541753e-01
1.496792801113590032e+00
3.778931239461775782e-01
3.577916260845950713e+00
1.139839763017576058e+00
1.065697760604620292e+00
8.677760782485567648e-02
7.905539371842468244e-02
9.717815676891589094e-02
5.789835694364632301e-01
2.540954488583259119e-01
3.272207621900186103e-01
9.323642105605813857e-01
2.802633075256745210e-01
3.030554021184296065e+00
5.662317826645685281e-01
2.210253807492791100e+00
2.799043179649749469e+00
2.006893514321871130e+00
2.494849091435228594e+00
2.025858483723401715e+00
2.556498458732249457e+00
1.320171121524057689e+00
8.359361989877340804e-01
1.093443188946821909e+00
1.682930282200934824e-01
2.814341056369080163e-01
1.442925804407264589e-01
5.630184649261427143e-01
2.962470289851834027e-01
2.431193349076769650e+00
8.174031257749899693e-01
1.010000521981850419e+00
2.010258743169031082e+00
1.528673421195878124e+00
1.553815419652468055e+00
6.273628297288993960e-02
6.072213956292418224e-01
3.082227279416352328e+00
3.753788192196508278e-01
5.076482502533044561e-02
2.299815829862228156e-01
1.451806606051980753e-01
2.049732560603367837e-01
2.289502988255176508e+00
7.779443053473213965e-01
1.401758551780587947e+00
1.712935009756608729e+00
1.182057049680531158e+00
7.298077793048850515e-01
1.357726781661231730e+00
3.477505610744300313e-01
6.199538653030291224e-02
9.643076940308064060e-01
8.870138183375236851e-02
3.790911921179375144e-01
3.708109507314178543e+00
2.129962276948740740e+00
7.034828179806523751e-02
6.857646405817453827e-02
1.928502902297314914e-01
2.499358818370569224e-01
4.399980492605289062e-02
3.967610800770644125e-03
1.965017639025138374e-01
