9.289144118263950531e+02
4.199613862888845972e+01
3.105916805344775966e+01
2.927708293050620725e+01
2.375573223002296075e+01
2.052674806542677644e+01
1.971391489529282026e+01
1.630357418276956238e+01
1.557407206531190624e+01
1.438310106396138366e+01
1.351759253958090135e+01
1.317717594489736399e+01
1.145266564450839120e+01
1.057107810561487327e+01
9.926156183700916458e+00
9.601922626030885866e+00
9.340938303207153126e+00
9.003583339790731443e+00
8.638510327958602630e+00
7.877405675102138183e+00
7.700746273713622081e+00
7.097900214921285311e+00
6.845092692912142951e+00
6.559154965962086692e+00
6.443224482801049646e+00
6.063142654676069832e+00
5.783581180993178528e+00
5.736270864986579454e+00
5.594090403713360082e+00
5.497982391631779819e+00
5.404270729952640906e+00
5.198315080605209637e+00
5.044670716952468048e+00
4.677284726085197519e+00
4.572466874410972437e+00
4.308964023461218318e+00
4.242940215225442735e+00
4.144665473068466000e+00
3.854203222269626750e+00
3.663697288412860242e+00
3.629275842112505313e+00
3.452771705013770287e+00
3.349291764345079692e+00
3.310596207439666649e+00
3.141799670658538712e+00
3.041313526863328676e+00
2.945879334882594236e+00
2.844209679207789332e+00
2.817987854072393272e+00
2.797655691956374202e+00
2.730923136828172559e+00
2.649671165873357381e+00
2.534876897944841279e+00
2.524559455119668172e+00
2.457047742437316273e+00
2.341328845400845626e+00
2.267560623815878529e+00
2.209478405597153472e+00
2.087289031373932069e+00
2.021207878243966416e+00
1.940287915622634252e+00
1.918794907824408202e+00
1.896371761350783114e+00
1.853315944123981929e+00
1.812305076165245499e+00
1.778209236690747819e+00
1.689416025395470644e+00
1.630381486632328958e+00
1.574525100520267840e+00
1.553457561334838699e+00
1.496591052031167601e+00
1.476688770158475883e+00
1.429942276681079205e+00
1.402532392999537469e+00
1.322546316003925027e+00
1.293079643114509736e+00
1.250013024312330190e+00
1.241874055134956523e+00
-1.256724693431845730e-01
1.168066507348722194e+00
1.139277614334309741e+00
1.103783321319501409e+00
1.077866064692138082e+00
1.045089399057181456e+00
1.021074784065637786e+00
1.005038728822906569e+00
9.519677104596345751e-01
9.290986509042510333e-01
8.854260763767966003e-01
8.709605794383438182e-01
8.610373997481861608e-01
8.229196286038574781e-01
8.104911676780384155e-01
7.843175120885315099e-01
7.513900866246499000e-01
7.102633848995268950e-01
6.932685760783281470e-01
5.485812599793069705e-02
5.937110892571993703e-02
6.301073553410589667e-02
7.008822937782913098e-02
6.706074634916870947e-01
9.030217336070885115e-02
1.004279426032868572e-01
6.470978989002137416e-01
6.400569546533620979e-01
6.379404496176087624e-01
6.126673357068019854e-01
5.882631777535904938e-01
1.336462898718079328e-01
1.404207493418121733e-01
1.569408686635256622e-01
5.549088656355068983e-01
1.736831593308202082e-01
1.883498910783298341e-01
1.950741321862504984e-01
5.341285877833273910e-01
2.060805674249281405e-01
5.084726998511451823e-01
2.199146365373048917e-01
4.965845058174295223e-01
2.317517014557723687e-01
4.743498230947611471e-01
4.633760894751868253e-01
2.585140227252054057e-01
2.687992934445028737e-01
2.809280785993235052e-01
4.472896436078031557e-01
3.213364195843455007e-01
3.241798595920957204e-01
3.334643959784305278e-01
3.490120589631211523e-01
3.627371908614933083e-01
3.862780370479861336e-01
3.830721877908249695e-01
3.769046522397871413e-01
4.204599006131439776e-01
