2.860051848313274547e+01
1.216971738879297682e+01
8.401730717631808787e+00
7.466017919939676339e+00
6.244615847638456785e+00
5.927495306819776211e+00
5.523259469873929461e+00
5.538688395148550825e+00
4.990304872769591782e+00
4.754493336731744790e+00
4.592879007053294771e+00
4.552425804552255428e+00
4.021586096875862104e+00
3.973129479756697169e+00
3.863684698880470503e+00
3.624682693332524241e+00
3.495995589316199137e+00
3.347803150285519891e+00
3.233566417387201408e+00
3.146302089687691428e+00
3.115494856490033992e+00
3.036915814149836024e+00
2.976588804264727273e+00
2.900905573126134396e+00
2.828919562067766957e+00
2.762911959184279009e+00
2.747448298047188153e+00
2.662299930050144425e+00
2.589091701664424594e+00
2.499967667137902083e+00
2.484810880277765754e+00
2.445291486906217671e+00
2.433299042712784743e+00
2.373559362343510060e+00
2.333525796288109078e+00
2.316348299136550271e+00
2.270821308262901184e+00
2.188652370133472580e+00
2.121334615775593679e+00
2.080317754629101401e+00
2.051701011941402086e+00
1.984211011230541333e+00
1.975673639183554542e+00
1.883712497154771626e+00
1.879787692740048533e+00
1.839086529711154938e+00
1.821293858776150243e+00
1.758567134714938751e+00
1.739001938618062848e+00
1.667412810080947549e+00
1.650134430627080429e+00
1.613059135775730679e+00
1.565297114046771298e+00
1.542423251830043363e+00
1.531672335395333429e+00
1.485274655596495075e+00
1.472829971671000271e+00
1.430474330652487192e+00
1.402013382670986630e+00
1.393012236611309129e+00
1.388890953298837161e+00
1.349412970165826176e+00
1.328669370756708101e+00
1.324646046144378309e+00
1.288845506092022530e+00
1.253350186097575092e+00
1.228032790552349374e+00
1.201181790315290154e+00
1.170026265469977567e+00
1.161932731130769891e+00
1.146216355157315681e+00
1.130285432401929802e+00
1.116812699259232877e+00
1.098882249793618149e+00
1.057723575561233309e+00
1.040690880096244220e+00
1.020360139307562308e+00
1.004833259601600304e+00
9.702642242303067821e-01
9.586858827019244522e-01
9.352309088317483088e-01
9.174715489859489592e-01
8.917187182109485022e-01
8.840084956283065232e-01
8.547914491850089336e-01
8.481257665917435462e-01
8.412243570062822862e-01
7.983105495817451880e-01
7.915170382305889429e-01
7.463891406901398407e-01
7.356313524815777383e-01
7.294334202259105115e-01
-2.425878934023133482e-01
7.052317967963056544e-01
7.013543504911433635e-01
6.983177878662764071e-01
-2.225661845341470324e-01
6.745907219407272226e-01
6.547601893612361446e-01
6.525397276999425067e-01
6.417937197000025407e-01
6.237282115848652442e-01
6.096866236687300544e-01
5.966388916927510833e-01
5.846982586626644496e-01
5.690658488361468592e-01
5.617623473233260833e-01
5.541462962116795454e-01
5.356632972008108506e-01
5.300079702163478235e-01
5.175674973909959453e-01
5.087399669650615186e-01
4.959577038831117779e-01
4.888124211502333227e-01
4.746838722624175944e-01
4.595519232071732518e-01
4.506113916833806576e-01
-1.337248297081828075e-01
4.417602941114686654e-01
4.199236164427274098e-01
4.098115932051006882e-01
4.065945342264872808e-01
-1.113578455324700234e-01
3.922767965763935827e-01
3.830445835485546402e-01
3.732741633255892699e-01
3.673028835360887534e-01
3.631748809461621819e-01
3.533843991520340122e-01
3.468817741390839426e-01
3.386572503565642989e-01
3.339075432026972767e-01
3.271327166562670863e-01
3.145620440150543873e-01
-7.681534991760197162e-02
3.058886435389431835e-01
3.009074940709018930e-01
2.933460113407382885e-01
2.867021660073568734e-01
2.799594200263335053e-01
-6.575374996868638133e-02
2.737674414042573501e-01
2.637886886692057953e-01
2.624791902714530001e-01
2.531655970856411253e-01
2.511885567680552378e-01
2.468907252491123472e-01
2.378434360760822708e-01
2.346979393505859157e-01
2.275935074466536590e-01
2.229422563379789279e-01
-4.583489183951786061e-02
2.137770087483629455e-01
-3.884575330494705048e-02
2.109515721598141380e-01
2.024887698813335468e-01
1.983595642174001972e-01
1.931656576225233846e-01
1.912102505739737279e-01
1.823958165138930831e-01
1.751548256650060920e-01
1.719300541303204477e-01
1.686975659007771133e-01
1.633605915903854622e-01
1.588418506414501219e-01
1.576377016511681384e-01
1.520783888841480136e-01
1.496359460927714768e-01
1.447013009064339883e-01
1.367798539699875415e-01
1.345230015217294961e-01
1.292344725524441074e-01
1.218556328385222709e-01
1.190158342028863198e-01
1.159770379335601370e-01
1.128548631949956443e-01
-1.445789293911412671e-02
1.055035140842738445e-01
-9.627507884546068762e-03
1.004542873216366511e-01
9.812643886465474696e-02
9.492863721077735017e-02
9.340514451366317694e-02
9.015028843520866975e-02
8.504667474465522903e-02
8.138668091211818945e-02
7.576958064380240332e-02
7.273258304233137794e-02
-1.389219352172116903e-03
6.799928387661226259e-02
1.003586272343319659e-03
1.744236684627001712e-03
2.505357356916134821e-06
4.095844028182648965e-06
6.755516491284889458e-02
4.211298799587834783e-03
6.598893626394480849e-02
7.748592624811436423e-03
8.355631179307208486e-03
9.196954603671005785e-03
6.212756835791318627e-02
1.238384310806697232e-02
1.284553778282413600e-02
1.440837736555261248e-02
1.536452786276706721e-02
1.738393342779506398e-02
5.838457108527193157e-02
5.576344224031711677e-02
2.059183662034662354e-02
5.285550844730788761e-02
2.511819763572191791e-02
5.074479765103571266e-02
2.740710108898956540e-02
4.711053683036334899e-02
2.967422304559921148e-02
3.061392133802543283e-02
4.310236643822643043e-02
4.402444866249551059e-02
4.096084544873213051e-02
3.446934582607761449e-02
3.899643879907889465e-02
3.689589419335271431e-02
3.619156338252533384e-02
