0.000000000000000000e+00 0.000000000000000000e+00 0.000000000000000000e+00 0.000000000000000000e+00
0.000000000000000000e+00 0.000000000000000000e+00 0.000000000000000000e+00 0.000000000000000000e+00
0.000000000000000000e+00 0.000000000000000000e+00 0.000000000000000000e+00 0.000000000000000000e+00
0.000000000000000000e+00 0.000000000000000000e+00 0.000000000000000000e+00 0.000000000000000000e+00
0.000000000000000000e+00 0.000000000000000000e+00 0.000000000000000000e+00 0.000000000000000000e+00
0.000000000000000000e+00 0.000000000000000000e+00 0.000000000000000000e+00 0.000000000000000000e+00
0.000000000000000000e+00 0.000000000000000000e+00 0.000000000000000000e+00 0.000000000000000000e+00
8.767241517815790863e-02 -2.461081882528891041e-01 5.392335646567752300e-02 -2.223820754436120484e-02
1.357564829043743371e-01 -3.810865935800186732e-01 8.349770227387859345e-02 -3.443478585807920045e-02
1.124338243587681557e-01 -3.156167735889173764e-01 6.915298474869327472e-02 -2.851896706639044099e-02
1.301322013530517574e-01 -3.652984834885249499e-01 8.003845983897191207e-02 -3.300818046375457449e-02
1.357564829043662047e-01 -3.810865935800182847e-01 8.349770227388161881e-02 -3.443478585809010839e-02
1.104078925873042544e-01 -3.099297123076056870e-01 6.790692530267743166e-02 -2.800508717483202875e-02
1.213564628246997928e-01 -3.406638124188983152e-01 7.464089806367243951e-02 -3.078220443295840922e-02
2.072379686255874931e-01 -2.386977280369017573e-01 1.134145963411986174e-01 3.582688048626139765e-02
2.383553506318528137e-01 4.748013757440707611e-02 2.268520248412720930e-01 3.969939031674411811e-02
2.617448224997144246e-01 -5.417373438915753375e-02 2.338023626554249779e-01 1.006456082783361156e-01
2.437115074594296549e-01 -7.918490451806389774e-02 2.094417272726751822e-01 9.784437047870213344e-02
2.978404242418083436e-01 -1.318482516204783420e-02 2.475482280819981951e-01 1.223449317752880738e-01
3.320998908408807071e-01 5.583371992744245310e-02 2.495504519599592297e-01 1.011001625253742930e-01
3.408879198576166836e-01 5.460763945603078900e-02 2.323978561944325949e-01 9.427356799029243395e-02
3.324990232933039414e-01 3.731185758945769482e-02 2.683994836604816081e-01 1.181708416740865492e-01
3.253617940542100628e-01 6.152781432507127557e-02 2.493858865974886430e-01 1.056690890171237823e-01
2.953323225152807985e-01 4.644009815775274053e-02 1.945676389922413319e-01 7.052744213939095286e-02
3.302201528192285629e-01 3.074486638817027981e-02 2.178571203088821295e-01 8.882972475512886101e-02
3.687084958285271052e-01 7.145527076328581084e-02 2.428693395604214489e-01 1.081212892032454298e-01
5.664703521991091284e-01 1.374826897422610217e-01 4.035892218322780778e-01 1.531500430017906089e-01
6.210268322997427592e-01 1.566936640507549661e-01 4.231287764931731532e-01 2.114793687075476325e-01
6.048494251196540050e-01 6.230252752650165815e-02 2.603672531606626706e-01 1.398170662725611579e-01
7.775050465810453559e-01 1.641585753613723220e-01 3.916593029299384465e-01 1.463415682158668574e-01
7.019709572531562802e-01 1.203121361665145106e-01 3.518708719582277489e-01 7.875418294582055279e-02
5.537925797152424279e-01 1.107352556779202662e-01 2.847778399629978252e-01 1.893681256937559121e-01
5.763211329330442112e-01 1.493845478864930798e-01 3.133760094571022004e-01 1.836419149662074368e-01
8.462412405596320131e-01 6.767965254502571193e-02 2.956408681204179545e-01 2.694790151239451759e-01
7.580869501446491077e-01 -2.176344529026829136e-02 2.415066625535791378e-01 1.966116998755554901e-01
8.342826227532796901e-01 6.007320700894961882e-03 2.890917843241836427e-01 2.706536444732548508e-01
8.768117497605399935e-01 4.200004636053166970e-03 2.834136062548036072e-01 2.790259194123255737e-01
9.157798478471697035e-01 6.479922309294033032e-03 3.448211976817998625e-01 2.586813981911293969e-01
9.456836851687762113e-01 3.146795589446250985e-02 4.152490846474859443e-01 3.460194720975083293e-01
1.099857174410234339e+00 8.688286378318194059e-02 4.412921368909886177e-01 4.384479232217770028e-01
1.055095237600780722e+00 1.188762655210977154e-01 5.473203591375744859e-01 4.446749159868897405e-01
1.007381114175412984e+00 -3.876395161246320303e-02 3.578470239164727729e-01 3.992628770202795718e-01
8.752202495847346553e-01 -1.281580220292084793e-01 4.134737771809263163e-01 5.169419942026647757e-02
7.450652833519004759e-01 -2.190797048701516037e-01 3.357184826578464287e-01 4.750672204307585661e-02
9.749579651830303506e-01 -1.412523172212484524e-01 3.728334207416371671e-01 3.476041936912740438e-01
1.050770545694568847e+00 -1.083333932339296257e-01 3.437135927756066467e-01 3.888673140836165776e-01
7.941335711598482838e-01 -1.782830346982221537e-01 2.761762835514234848e-01 1.706665656730231850e-01
9.063326428751456998e-01 -2.893849364941713520e-01 2.337454992360560035e-01 2.295291423127295560e-01
8.418652518438126675e-01 -2.504230175093817845e-01 2.215337818454396757e-01 2.907883159729071076e-01
1.013769459449251675e+00 -1.779011442911988816e-01 1.044794543455265651e-01 2.935172843212037752e-01
9.858407854657994518e-01 -1.138488284038672305e-01 1.036715736676745159e-01 3.066853150723786864e-02
2.092527718795997027e-01 -6.580987773896683768e-01 -8.576649452655869810e-02 -4.599354126158610168e-01
7.017865409977549485e-01 -3.749838603048538110e-01 -8.242336763942673117e-02 1.585357718176677866e-01
5.420214812606025667e-01 -5.226251534989625469e-01 -1.040492034230353913e-01 -8.692147072954087283e-02
6.902376932257117126e-01 -2.487136146701806327e-01 -7.656654523755426767e-02 1.042976130912823783e-02
5.588801963184797383e-01 -3.657758522309875748e-01 -3.197447370267075817e-02 -7.671888705879349735e-02
2.810264994547386208e-01 -3.110069782522674742e-01 5.846354957166267040e-03 -1.236202215737183391e-01
3.626178776502368417e-01 -7.145896078209958979e-01 -2.888261136136066609e-01 -2.784020253216953344e-01
2.337117814079923972e-01 -7.119790261461531600e-01 -9.285754575747660888e-02 -5.504164446969268543e-01
1.218751442440058202e-01 -8.081655835128205290e-01 -9.452288820346647913e-02 -3.981643242336523891e-01
6.101797198335259104e-02 -1.204626255233808285e-01 2.121327721521976128e-01 -1.270469136610607175e-01
6.949482175229478031e-02 -8.122261603266427155e-02 1.911963353456707648e-01 -1.612095599727519923e-01
9.833317217131617993e-02 -2.551945252155138344e-02 1.411511888560526007e-01 -8.575553247140972613e-02
1.854981166124593239e-01 -1.293658055958761197e-02 2.731914520822418257e-01 -1.804713077798244247e-01
1.602063629365022834e-01 -1.763069253108647677e-02 2.659988986340040551e-01 -1.783447724659160127e-01
1.654315580228162830e-01 -2.307314933514102717e-02 2.776912532354909313e-01 -1.416988849063282874e-01
1.450407559137449898e-01 6.282882356060175101e-04 2.890533931793539679e-01 -1.973832742615027058e-01
1.298756966683440039e-01 -2.355399258827128167e-02 3.142886317938127227e-01 -1.691235020615624862e-01
1.147519699104675300e-01 7.386014913772603364e-03 4.050922404137965449e-01 -1.810059842237628780e-01
9.516350527272332549e-02 1.639334375844647826e-03 3.547684585642490451e-01 -1.674374951312031512e-01
1.213580638976732295e-01 9.476186684517076209e-04 3.853128521046840227e-01 -2.103011039295399620e-01
8.493934112058762476e-02 -8.117274781037206108e-03 3.786623182235217544e-01 -1.943641242456640439e-01
1.079241562361406004e-01 2.325195751917339976e-03 3.211990894212754521e-01 -1.239063777950118461e-01
1.034088643560102105e-01 2.523138117311929038e-02 4.811755425122804519e-01 -1.613165623151187889e-01
9.654833100544492341e-02 2.977222712642326515e-03 3.901575705259892612e-01 -1.388169688949993930e-01
1.769133366464316626e-01 -4.929349948509046883e-03 3.724328703830533938e-01 -2.060973196777889371e-01
1.882888063603408713e-01 2.047934603405937234e-02 4.253294727821225751e-01 -1.276271981689192647e-01
3.553135813613480520e-01 7.040376158843369980e-02 3.670330966039374032e-01 -2.005751832112979971e-01
2.850041991700039135e-01 9.158946156435943120e-02 4.065127808608105520e-01 -2.128946901293047311e-01
5.256924962714184524e-01 5.076293885955428936e-02 3.059280858313338514e-01 -2.231928209901037352e-01
4.696928228390838123e-01 8.248409472464754769e-03 3.743049724417937818e-01 -2.666977397897672963e-01
1.429436342355798306e+00 -1.293444228086890524e+00 1.368269423990514655e+00 -1.725741313132310051e+00
3.680604453476504778e-01 -9.431647925264818877e-01 1.200818424883005608e-01 -4.728919345706482091e-01
1.627922981364027244e-01 -4.963027684522542532e-02 4.321755604124477568e-01 1.171999817643339936e-01
8.494176287159728445e-02 -1.106847906560666644e-01 6.188045218422350002e-01 1.772229746707947307e-01
8.519608846466923679e-02 -1.611723786957089954e-01 6.957359801391559406e-01 2.662543092499149444e-01
-6.513884857248683491e-02 -4.251668271606264815e-01 6.909253401194348498e-01 1.650615172139276721e-01
4.762417809862980189e-02 -1.873723426132735126e-01 5.827174924228057940e-01 1.213675871751959262e-01
2.717188823040317738e-02 -2.044836778075985462e-01 5.456753934444691367e-01 3.639455558394638635e-02
-5.373929939434185510e-02 -3.711464576557021999e-01 5.775214479833464809e-01 1.300119395645675524e-01
3.088528338767806622e-02 -3.472943517524009760e-01 5.630817111773980255e-01 1.500331634047105400e-01
-1.358456151774161888e-02 -5.275441439330844640e-01 5.497055937868019493e-01 1.816191712745555131e-01
-9.028034845373357209e-01 -2.621477624393225181e+00 4.748457299957008715e+00 1.174651547184197842e-01
1.241745326984693663e-02 -4.893689463930339101e-01 5.239459944120710144e-01 -4.836040102518426170e-02
-6.339703555253357881e-02 -5.539920410754366475e-01 4.317127286248408358e-01 -1.025272968672540363e-01
8.337630047857315374e-02 -4.257068372196791128e-01 8.263007464715681483e-01 1.122580548444929993e-01
7.643375282109445001e-02 -4.909501896244218844e-01 8.793019368779674272e-01 -3.444952808833048191e-02
-1.178648230915854689e-01 -9.246999245233763487e-01 1.031447169329846592e+00 8.236290604636083146e-02
2.746556128078867509e-01 -3.273978223202181348e-01 6.601061669252122899e-02 -2.675611094465876194e-01
2.059753690047628483e-01 -1.609567672254713089e-01 1.035611943354305953e-01 -2.061213896119984956e-01
1.231734025805710508e-01 -1.936603653939897030e-01 1.085445361828390465e-01 -9.651798153912810596e-02
8.840971962717048882e+00 -3.875513426716871157e-01 2.112131646649175951e-02 -3.062708196756173784e+00
2.257282521103574358e-01 -1.613691901063936951e-01 1.682777922739893128e-01 -4.738285947575573281e-02
1.771964632935603357e+00 -1.749298482872094107e+00 1.480487782659364093e+00 1.110856832461751598e+00
7.239298232192761695e+00 -1.321304141863799186e+00 1.096957574542186897e+00 -1.642731671007589211e+00
1.046415529736836625e+01 1.413344303791641332e+00 5.459390057825552756e-01 2.407765810661613715e-01
2.954022318895347610e+00 5.346574853445787978e-01 3.389566001596486355e+00 -4.726934142515759163e+00
1.641919267772152580e+00 4.022646388479717561e-01 6.588215488614166393e-01 -3.933345181029540560e-01
-1.013365974135459480e+00 -2.719121632902984587e+00 4.424793779404647687e+00 -1.246878942001055002e+01
8.706709343833919590e+00 5.775907740876323748e-01 3.001687812181368820e+00 6.912097086411606917e+00
6.733444516350581832e-01 -2.212140722971940310e-01 8.336551534373303207e-01 -9.905899724340564427e-01
2.730032313233715424e+00 -4.643909284480344013e+00 -1.144818637002123829e+00 -7.791035751389134845e+00
1.748829022864500926e-01 -6.781020761603817615e-02 2.184183807445024827e-01 -1.516220862171152040e-01
1.804425460337226172e-01 -8.035534805191092700e-02 2.257867262717639101e-01 -1.606876553889389492e-01
2.140771478341665923e-01 -8.691067687788486817e-02 2.686706709739279941e-01 -1.886017430254472715e-01
1.333155923504805163e-01 -5.412323775226958456e-02 1.673134662455257327e-01 -1.174508972309734750e-01
9.429008633506523740e-01 -3.350255434752708594e-01 2.497054126546996766e+00 -1.390154948134722979e+01
1.068615377459486560e+01 -2.180236142287546031e+00 -2.280026339305223804e+00 -6.802660714210314374e+00
2.610298304016668514e+00 -1.115578704547668387e+00 2.205037267701047465e+00 3.227132224694524432e+00
2.108140269835510505e+00 -1.716195074788970043e+00 -5.872015621458167578e-01 -1.833827522668617593e+00
6.919225664583406932e+00 -3.054732416670746242e-01 -6.806070552882225178e-01 -9.167748624030426896e+00
9.354583958657320508e+00 1.069290128084706692e+00 1.651790934906192998e+00 -3.929782077466172918e+00
7.389171261212007513e-01 -2.293243908523597829e-01 1.109714447374681612e+00 -6.722978182303263051e-01
9.597447230750385527e-01 -3.654337804402430501e-01 5.308172974969195268e-01 -2.603248610128155782e+00
-4.080249109748106839e+00 -3.385134216233399718e-01 3.110728723418611175e+00 -2.366126982526619926e+01
4.956121194270391439e-01 -2.923806573634169403e+00 8.142608872299152978e-01 -1.339614989677752277e+00
1.982450569813186547e+01 3.727000393522689414e+00 -8.544365785800640545e-01 3.779004539618692426e+00
1.041156973836539734e+01 1.302855625319809529e-01 3.850011006688262682e+00 -1.168106867956589939e-01
2.650710278846270640e+00 -2.222338845559345688e-01 2.529996249468540737e-01 -9.911577129848663237e-01
5.721237923659675317e+00 -2.343686604672707771e-02 -2.801792018400663803e-02 -1.814056676161296178e+00
2.514718482959750201e-01 -4.747490990254917692e-02 2.683578784395319050e-01 -1.627227483558288113e-01
3.559413196006137259e+00 -3.567888065763130001e+00 -4.512955281468832847e-01 -8.834468814328723107e-01
2.676606639652184150e+00 -5.503820108854192705e-01 -7.997542344747721188e-02 -3.257900667937868033e-01
2.109080336115434218e-01 -3.980081320266267708e-01 6.006679357288715465e-02 -2.765336770915564069e-01
1.993323560217006019e-01 -3.236193003766138498e-01 1.275546178817001386e-01 -2.415557078460228435e-01
7.096857201364943357e-01 -3.231695120181024450e+00 1.133676710223515266e-01 9.157796662341841643e-01
6.530226452458407632e-03 -1.647181170878906364e-01 3.714187861937445212e-01 -1.723641584841325292e-01
2.163150309910327973e+00 -1.857883073900240234e+01 -9.995244187373680811e-01 9.305744538760828632e+00
-9.276959765182432038e-01 -2.477171248217739574e+01 -7.371002488435812516e+00 -6.911999924738861933e-01
5.592221590179259572e+00 -1.120680617576431359e+01 -2.995847650953790353e+00 -8.603363379592746663e-01
9.325181042157963063e+00 -3.675164001256101098e+00 -2.621213740893318711e+00 7.159331053270598932e-01
4.827634300195746825e-02 -4.075794940093966368e+00 -1.398436037565976287e-01 -1.116106922474099372e+00
3.111891016624711348e+00 -9.764717812799862395e-01 1.098802232543949486e+00 4.146619634947872335e-01
3.469112063135715296e-01 -2.807353842736551641e+00 1.422813704237845700e+00 -6.859392531780287294e-01
9.065108509273521520e+00 -1.563616835550992734e-01 2.888147492486636825e+00 4.587763843862974200e-01
1.378176461176703782e+00 -3.537086377223945810e-01 6.512734272125167978e-01 2.282092711771917526e-01
1.852347100988033457e+00 -1.396641835158456635e+00 1.407274317348479409e+00 -1.080589884363374553e+00
-2.016082209655919222e+00 -2.015236965631931110e+00 4.866249825208159407e+00 -2.575921444114455561e+00
3.216656469223800330e-01 -6.223228947615353501e-01 4.471278759870167541e+00 -1.764011935521435648e+00
0.000000000000000000e+00 0.000000000000000000e+00 0.000000000000000000e+00 0.000000000000000000e+00
8.647478343698729475e+00 -8.354644114629628859e+00 -1.070891786096878073e+00 4.526368591531309882e+00
-1.468294492447762556e+00 -1.600835796298587255e+01 8.781050547616581881e+00 1.279059429448981255e+01
1.384862939031094031e+00 -1.785777905395145382e+01 1.630301812698156283e+01 2.365340547365016732e+01
-2.223020544241610441e+00 -2.524527178809517736e+01 -3.363543676222377155e+00 3.383855834768262572e+00
8.410496024538581139e+00 -8.542436487733862549e+00 -6.823866654783223851e+00 -5.442957960834514886e+00
3.829937501080060702e+00 -8.136332098529873491e+00 -2.501810105495775538e+00 -9.915095754463733313e-02
1.838210419184335698e-01 -1.979429638474260456e-01 8.455811366929270878e-02 -1.155642323764486668e-01
-2.490906454780701385e+00 -3.411647741118634669e-01 8.006685587963659145e+00 -2.842137694494016209e+00
-1.498343661551201356e+00 -1.026222749081735408e+01 2.070983541059564725e+00 3.389004466533607207e+00
1.125295851137673303e-01 -3.489810637627928536e+00 6.877186739140631611e-01 -2.251004041862463834e-01
2.269386025073474045e+01 8.236155911613570524e+00 1.062640072622101250e+01 1.472812211084596612e+01
3.303078849734693012e+00 -2.058363253724807773e+00 -4.028362619448787596e-01 1.085653751089357133e+00
-6.541154783666485173e-01 -7.215551384224868414e+00 4.240832016196281806e+00 -3.531104008164087205e+00
5.082681450983864480e+00 -1.535479144975327337e+00 2.144633860939472170e-01 -1.053259282148624898e+01
-2.037128984514890551e+00 -5.077504701317478109e+00 1.420190676949408015e+01 6.578448904958847265e+00
9.677143181741422850e+00 -4.512040784068328314e+00 -2.430538598008611828e+00 -1.457701802495315446e+00
2.681975267306067945e+00 8.050978127386774208e-01 4.318997676614922732e+00 -1.607753633668989712e+00
1.569958292222287444e+00 -1.025207481515256314e+00 1.112802006240399244e+01 -2.613583494129981144e+00
8.198135277946535515e-01 1.375613325708302082e+00 8.321307440809214029e+00 -1.904355322339551959e+00
1.265150801296146321e+00 -9.894275460359407859e+00 -3.553738988620190886e-01 3.209305570695362153e+00
1.549620871437467295e+00 -2.564383463817635267e+00 3.303653718972292985e+00 3.773925549778792021e+00
3.230450214051299729e-01 -9.486433196045425398e-02 1.916076658538152233e-01 -2.187790499461704230e-01
2.167351880790371610e-01 -6.364573810799087350e-02 1.285521235262485351e-01 -1.467817653761964991e-01
6.801032821104392445e-01 -1.829449441352006822e+00 1.387092068438240400e+00 -6.444219528456329726e-02
1.730549505018428302e+00 -1.710556793277669518e+00 9.676108621485196570e-02 -1.476873094455812864e-02
3.801686067819999293e-01 -4.209762910217907939e-01 2.606451753579199226e-01 -3.839457229758994061e-01
3.969471158105549735e-01 -4.047684311825055503e-01 3.211685838978920460e-01 -3.140800750866149516e-01
1.410711777833008052e-01 -8.634906195634170500e-02 1.859386196199984409e-01 -1.188313557517881869e-01
1.740768280637699228e-01 -1.096814151390633901e-01 1.392118346611699864e-01 -1.030778111541657549e-01
4.392898023308764444e-01 -5.022574082116745275e-01 2.503215277043248643e-01 -4.539884092909224345e-01
1.688464246996475848e-01 -2.134396887273702081e-01 3.609119317004465533e-01 2.785300558005611438e-02
9.355976993138166442e-01 6.238561475780440152e-02 7.593056304379698362e-01 6.504249906612390442e-01
5.525233126823701824e+00 1.008260084796531730e+00 3.926643652180965560e+00 3.333877222275851704e+00
1.086281692638189966e+00 9.448843485394926855e-02 5.204670603379085714e-01 6.336678992901745300e-01
5.869510076789112851e-01 -1.049680319223311870e-01 1.384918393260512470e-01 -6.047059182848601305e-02
7.571202177128868449e+00 8.943783041991040239e-01 -8.666552719188509724e-02 -5.691824319037986912e-01
1.289718859206561152e-01 -4.389260548622049840e-01 8.880601579421790182e-02 -1.265033745647684282e-01
1.269692720732079894e-01 -4.497522385551873114e-01 9.315281220910479054e-02 -1.289429106337818820e-01
3.289434728588528922e-01 -5.558926850714629442e-01 2.697283550899716720e-01 -4.517689796710050998e-01
2.943505389488977886e-01 -4.801068443237911376e-01 2.454653266559342073e-01 -3.950688448359341853e-01
2.719022030381834099e-01 -5.282117451676077158e-01 2.329852215175844121e-01 -3.926954829203777031e-01
2.974293937753956785e-01 -5.118241370211373820e-01 2.135519990140673507e-01 -4.206039746401385448e-01
2.739552115325222803e-01 -4.951136698597126684e-01 1.920004516723882726e-01 -3.983041695636715951e-01
2.944604455360306794e-01 -5.145829162781092592e-01 2.178941996427501138e-01 -4.176135815568613463e-01
2.701647877998810676e-01 -5.147728074939653675e-01 1.920644933797937270e-01 -3.962642385066806883e-01
1.579726865648348966e+00 -1.004350342874772872e+00 1.270767116496436533e-01 -1.255510149044334556e+00
4.183221153173574125e-01 -1.078900998281873580e+00 3.959931478832406926e-01 -2.460567778993116850e-02
1.012805194871825876e+01 -3.903753433996296263e+00 -1.597125057852272434e+00 3.186851543977380352e+00
9.061536888509121035e-02 -1.099499151685750242e-01 1.422118691868799190e-01 -1.796447175456405421e-01
1.060396148577282538e-01 -1.405212008112215472e-01 1.477928490280482621e-01 -2.167503936143415355e-01
8.615413945494921677e+00 -1.386063274026862402e+01 -1.072135898132392029e+01 -1.186243097024311410e+01
-4.827340012582738815e+00 -2.191174262559257713e+01 2.801005083272339186e-02 -1.511888870348893965e+00
1.180124691270812765e+00 7.403420902909016998e-01 5.536919771939222912e+00 -4.803792849935034859e+00
0.000000000000000000e+00 0.000000000000000000e+00 0.000000000000000000e+00 0.000000000000000000e+00
1.429005886918389256e+00 -1.040646416218594439e+00 7.033774555955728536e-01 1.543689303627600318e-01
9.971942422960647923e-01 -1.444392925359293534e-01 7.661607873298407867e+00 1.190728642780581215e+00
2.397234023692556448e+00 3.717558065697900149e-01 7.110439255992119234e-01 -7.523173087782568658e-01
0.000000000000000000e+00 0.000000000000000000e+00 0.000000000000000000e+00 0.000000000000000000e+00
0.000000000000000000e+00 0.000000000000000000e+00 0.000000000000000000e+00 0.000000000000000000e+00
0.000000000000000000e+00 0.000000000000000000e+00 0.000000000000000000e+00 0.000000000000000000e+00
0.000000000000000000e+00 0.000000000000000000e+00 0.000000000000000000e+00 0.000000000000000000e+00
0.000000000000000000e+00 0.000000000000000000e+00 0.000000000000000000e+00 0.000000000000000000e+00
0.000000000000000000e+00 0.000000000000000000e+00 0.000000000000000000e+00 0.000000000000000000e+00
0.000000000000000000e+00 0.000000000000000000e+00 0.000000000000000000e+00 0.000000000000000000e+00
8.180702559941404051e-01 9.483285531107457644e-02 8.081763270044517444e-01 6.437619700298969905e-01
1.199099178363959517e+00 2.955517581748253186e-01 1.149065566019459972e+00 7.244636182963313242e-01
8.863363259481208400e-01 3.611508726692200244e-02 6.920175673699691110e-01 2.544135765805645710e-01
6.038962819440868435e-01 -3.087476056934073121e-01 8.242924138485683283e-01 6.485674198141537783e-01
-9.392640621720044214e-01 -1.868899904679464929e-01 2.151262627843668618e+00 -6.869246151951402979e+00
4.232822885449544770e-01 -2.275942605859722079e-01 8.629940248679648929e-02 -1.737367462976852628e-01
6.262052961373641979e-01 -4.187506140778323172e-01 8.579199383378193211e-01 -1.814989669232500713e-01
2.460761644164581874e-01 -6.554502375299746386e-02 4.863934710119296456e-01 -7.568402990936790031e-01
2.003277768763690181e-01 -2.516702233967921254e-02 2.046105532219630319e-01 -9.458562215283027041e-02
2.943518322040685753e+00 -1.507007258350685053e+00 6.400942199722573500e-01 1.440037402825421697e+00
0.000000000000000000e+00 0.000000000000000000e+00 0.000000000000000000e+00 0.000000000000000000e+00
0.000000000000000000e+00 0.000000000000000000e+00 0.000000000000000000e+00 0.000000000000000000e+00
0.000000000000000000e+00 0.000000000000000000e+00 0.000000000000000000e+00 0.000000000000000000e+00
0.000000000000000000e+00 0.000000000000000000e+00 0.000000000000000000e+00 0.000000000000000000e+00
0.000000000000000000e+00 0.000000000000000000e+00 0.000000000000000000e+00 0.000000000000000000e+00
0.000000000000000000e+00 0.000000000000000000e+00 0.000000000000000000e+00 0.000000000000000000e+00
1.640288428388162245e+00 9.320972789922159218e-02 5.516730082823745329e-01 -1.740903350935654459e-01
5.859260011297608983e-01 -7.069403667652589540e-01 4.491758111661557917e-01 5.222847204653199849e-02
3.469533269604724524e+00 -1.446176129644991759e+00 1.474387618289065005e-01 -4.993667568792640843e+00
-6.472040173965633691e+00 -1.425992087711272660e+01 4.131636633887343812e+00 6.344864561103635836e-01
1.518415802057575092e+00 -4.338169464245986151e-01 2.253389310049135896e-01 -2.310655708489004201e-01
7.082835846616390540e+00 -3.183226246794719216e+00 2.985793074258179303e+00 2.806769994254645351e+00
8.083783175632085483e-01 -1.054883147566071551e-02 2.805864818816684814e+00 -4.547243302510276308e+00
1.693047766874867133e+00 -9.568315787702173836e+00 2.952720907047853505e+00 5.453064629316867196e-01
-1.415776145548206522e-01 -1.178486515068120521e+00 2.485420999703265021e+00 9.424236781693988707e-01
2.065548444361007085e+01 3.589107521921767852e+00 -5.499474212559400499e+00 -1.156459821912098818e+01
-1.241707997093196431e-01 -1.677109015800145042e-01 2.608294080417988603e+00 -1.148309079704403990e+00
7.083494909145572116e+00 2.219989564911426072e+00 6.208401826645651767e+00 2.083659415981408358e+00
-8.562756465188597232e+00 -2.601979963385309702e+01 1.990565432022714631e+00 -2.785530326413559798e+00
1.379891082402736835e+00 -8.297449699113944588e-01 4.485154081072621479e-01 -1.201832748331449069e-01
4.470311336993571416e+00 7.997067654209473186e-01 -4.567786513569662143e-01 -2.398742515957634325e+00
3.723068356629615216e+00 -3.067086288684469086e-01 2.149693288911482369e+00 2.122255358246331269e+00
5.967011527950386585e-01 -1.476889182928901867e-01 1.709278482823723966e-01 -1.601999565415873628e+00
6.141600283555677109e-01 -1.751695779598519132e-01 7.146688730929974254e-01 -8.788964151736130548e-01
9.259223683124925275e-01 9.175021797459281814e-02 1.200872548355894187e+00 -1.015538789860922719e+00
1.185323798770727466e+00 -1.066457743455098556e-01 7.095676785969685652e-01 -1.066736832271946017e-01
1.988819364929385047e+00 1.947338190979029271e+00 1.559150048044511472e+01 3.500692851768643976e+00
1.396689520713047805e-01 -7.044983371809192263e-02 2.416690955164841614e-01 -3.368518960924787864e-01
3.045054940738188901e-02 -4.003116318409823293e+00 9.569329063975237304e+00 5.317273892371028765e+00
9.147310265790410400e-01 2.240014791279748910e-02 2.976893089341875687e+00 -6.481119706063926955e+00
-1.985981647300258057e+00 3.810074073301874531e-01 7.978782065116940103e+00 -4.207008053780232792e+00
-8.393675135725956693e+00 1.332269760724899443e+00 1.875900701081780753e+01 -1.308286322939089175e+01
2.119919922224696940e+00 9.726012618393137243e-01 2.922702325521640887e+00 -5.471782911240854474e-01
2.057029389765905325e-01 -1.669445646325214694e-01 1.108632238798608061e-01 -8.404132199179953355e-02
2.201064633524843495e-01 -1.786341890884033390e-01 1.186259770786640272e-01 -8.992597894377964141e-02
1.202547598749862529e-01 -1.879920602012316311e-01 1.238180948442405283e-01 -2.319191227458315130e-01
6.076165373999160846e-02 -1.349092078017261609e-01 1.227178544716436281e-01 -2.574240528616906221e-01
-1.507288269467371884e-02 6.810437143124042914e-02 3.663780742754537023e+00 1.479377569499435441e-01
-3.462311959198438038e-01 1.672907473037235748e+00 4.980360330305261485e+00 -1.329678605379349454e+00
6.578016292261044118e-01 -1.636723022343756773e-01 1.459175974235799311e-01 -2.016474030035803056e-01
3.006478249176033901e-01 -2.025387150439718065e-01 3.733036657211015186e-01 2.078858789313841049e-01
2.637170425675383068e-01 -2.702211982241501387e-01 3.902513233825902761e-01 2.020737880776574125e-01
-3.574164468991885557e-01 -1.356164261376087365e+00 9.060325031334875989e-01 -6.439374089596472395e-02
0.000000000000000000e+00 0.000000000000000000e+00 0.000000000000000000e+00 0.000000000000000000e+00
0.000000000000000000e+00 0.000000000000000000e+00 0.000000000000000000e+00 0.000000000000000000e+00
0.000000000000000000e+00 0.000000000000000000e+00 0.000000000000000000e+00 0.000000000000000000e+00
0.000000000000000000e+00 0.000000000000000000e+00 0.000000000000000000e+00 0.000000000000000000e+00
-4.565227925830117606e-01 1.616723239730716744e+00 5.504155095460912861e+00 -2.319831700347898096e+00
3.072552922388933072e-01 -2.236916303295713102e-02 2.489831369102190883e-01 6.002351254710015099e-02
2.414176188996475791e-01 -1.757597090303567380e-02 1.956318331281822198e-01 4.716186781201905931e-02
2.271911904126341086e-01 -2.760980507238497417e-01 8.745961179389366569e-01 2.907560372894472667e-01
-6.160313259828656407e-02 9.325834353852795466e-01 4.555868588004808650e+00 -1.463989256628542401e+00
7.184990933542036683e-03 -5.113916188089056014e-01 1.120521074287756491e+00 -1.064467406366604418e+00
2.461164910363458913e-01 -8.660561017050910637e-02 6.634138036485091039e-01 -9.964049971383566462e-02
2.935848474834791277e-01 -8.611568607059689739e-01 1.591676205109816777e+00 -1.811519911572815777e+00
7.719009839050400279e-01 -3.505084531942733728e-01 6.957610545023422688e-01 1.375551832741410963e-01
7.688879143270608729e+00 4.060251780657380571e+00 7.880385910071950661e+00 -2.185274207489472875e+00
2.817285065931954158e+00 -1.775332158944950556e-01 3.868060085677831772e+00 -4.121522325380734486e+00
1.227208062933180743e+00 -1.045791673691024215e+00 4.123704015406173817e-01 -1.186358433137853607e+00
-5.245240588427084738e+00 -5.945354470862743490e+00 5.409187985138173005e+00 -1.203538162687661739e+01
2.582744397037328721e+00 -4.077612390285798583e+00 -2.841521919093217718e+00 -2.956840128971993664e+00
2.894475882001718237e+00 3.554566904030310170e-01 1.011169133620018368e+00 -7.924970571408607167e-01
-6.148227947241864833e+00 -1.173405853785068587e+01 8.935782563354868202e+00 8.334374935141869445e-01
5.227678804996381823e-01 2.490249208753638754e-01 1.668826522349392327e+00 -1.942966771748148469e+00
4.083287936110157612e-01 5.606902893255776010e-02 1.965230604156492089e-01 -4.074047962767291531e-01
1.144372060122219814e+00 -1.042165488333037793e+00 4.536157522914443518e-01 -9.103231115312531152e-01
2.592189876617024269e-01 -3.692678148489760698e-02 5.156211657801037518e-01 1.314287132701550398e-01
2.459493742369584235e-01 -1.911173472589767705e-02 4.784104392961535668e-01 1.168600396993564050e-01
2.465706437507289850e-01 -1.676253504499136682e-02 4.806403617819476892e-01 1.234252694666346517e-01
4.211770309590094907e-01 7.075149630623446019e-03 2.051594834718837856e-01 1.084834534165022950e-02
6.703413463672827088e-01 4.988205172914307595e-02 2.333634032535134295e-01 -2.848425408898051445e-02
0.000000000000000000e+00 0.000000000000000000e+00 0.000000000000000000e+00 0.000000000000000000e+00
0.000000000000000000e+00 0.000000000000000000e+00 0.000000000000000000e+00 0.000000000000000000e+00
0.000000000000000000e+00 0.000000000000000000e+00 0.000000000000000000e+00 0.000000000000000000e+00
0.000000000000000000e+00 0.000000000000000000e+00 0.000000000000000000e+00 0.000000000000000000e+00
0.000000000000000000e+00 0.000000000000000000e+00 0.000000000000000000e+00 0.000000000000000000e+00
0.000000000000000000e+00 0.000000000000000000e+00 0.000000000000000000e+00 0.000000000000000000e+00
0.000000000000000000e+00 0.000000000000000000e+00 0.000000000000000000e+00 0.000000000000000000e+00
0.000000000000000000e+00 0.000000000000000000e+00 0.000000000000000000e+00 0.000000000000000000e+00
0.000000000000000000e+00 0.000000000000000000e+00 0.000000000000000000e+00 0.000000000000000000e+00
0.000000000000000000e+00 0.000000000000000000e+00 0.000000000000000000e+00 0.000000000000000000e+00
0.000000000000000000e+00 0.000000000000000000e+00 0.000000000000000000e+00 0.000000000000000000e+00
0.000000000000000000e+00 0.000000000000000000e+00 0.000000000000000000e+00 0.000000000000000000e+00
0.000000000000000000e+00 0.000000000000000000e+00 0.000000000000000000e+00 0.000000000000000000e+00
0.000000000000000000e+00 0.000000000000000000e+00 0.000000000000000000e+00 0.000000000000000000e+00
0.000000000000000000e+00 0.000000000000000000e+00 0.000000000000000000e+00 0.000000000000000000e+00
0.000000000000000000e+00 0.000000000000000000e+00 0.000000000000000000e+00 0.000000000000000000e+00
0.000000000000000000e+00 0.000000000000000000e+00 0.000000000000000000e+00 0.000000000000000000e+00
0.000000000000000000e+00 0.000000000000000000e+00 0.000000000000000000e+00 0.000000000000000000e+00
0.000000000000000000e+00 0.000000000000000000e+00 0.000000000000000000e+00 0.000000000000000000e+00
0.000000000000000000e+00 0.000000000000000000e+00 0.000000000000000000e+00 0.000000000000000000e+00
0.000000000000000000e+00 0.000000000000000000e+00 0.000000000000000000e+00 0.000000000000000000e+00
0.000000000000000000e+00 0.000000000000000000e+00 0.000000000000000000e+00 0.000000000000000000e+00
2.074096093116609918e+00 -2.681238932852100021e+00 7.646779060205353973e-02 -1.044486729910637290e+00
2.393504524373275544e+00 8.792982976876622114e-01 -2.338211660098065137e-01 -2.518951643079497771e+01
2.561004043535803354e-01 -3.054239043794100897e-02 1.752201158743514620e-01 -2.192293683545338545e-01
2.245263680671566453e-01 -3.008594048064564680e-02 1.987502404851824167e-01 -1.105152203760400714e-01
2.029195146002389649e-01 -2.719067916690381947e-02 1.796239019635813283e-01 -9.988000548753732388e-02
2.015896911116308310e-01 -2.701248633070224212e-02 1.784467451759887413e-01 -9.922544657238663302e-02
2.699402445007438867e-01 -3.242152543458461100e-02 1.854361655143054455e-01 -2.272726367617511622e-01
3.867978595214945359e-01 1.359752602229705870e-02 2.119921591579970732e-01 -2.457867588110335400e-01
3.492618476092332336e-01 -4.380080015926235762e-03 1.921277355634012363e-01 -2.099516497676506277e-01
4.464568682143339462e-01 1.244391697733096824e-01 1.655396723977729245e-01 -3.386103015007310146e-01
4.628972470674260764e-01 2.184993716366900041e-01 2.884296036933324814e-01 -3.485675738287202230e-01
1.140163147214187100e+00 3.070953809727741679e-01 8.700595091729478314e-01 4.024323325680284058e-01
1.091589234792971208e+00 2.791076465425408326e-01 7.753284101741713119e-01 2.631368123237970980e-01
2.601453998380404697e-01 -5.114251598733078087e-03 2.138585547772803852e-01 6.260448464679004010e-02
2.705007099212555222e-01 -5.317828756666763239e-03 2.223713774143357136e-01 6.509650968940562665e-02
1.004655581033131906e+00 2.494354713667219503e-01 7.406266258903581035e-01 1.374898792113869450e-01
1.066055027191059601e+00 2.077429089124337436e-01 8.186685434686385987e-01 2.079511216557464737e-01
1.020259127123192888e+00 2.483345520588793320e-01 7.754779783915995983e-01 1.004612572084050137e-01
1.131317073725417899e+00 2.641821565309147579e-01 8.590141569157425661e-01 2.834104413242454767e-01
1.044617801014339209e+00 2.826752962159066462e-01 8.251756996624386442e-01 3.187740778369995698e-01
7.004441782864319066e-01 2.897227240267849502e-01 5.298916877706341122e-01 -3.553824982900735119e-01
3.829235550040106961e+00 -1.480022518418273059e+01 -6.486624687375941889e+00 -2.648154935236865182e+00
1.842711512728863354e+00 -4.580837501455720329e+00 -2.600980333610866113e-01 -6.123330752013441902e+00
-1.141574841077976243e+00 1.144662822968028015e+00 1.266962862362709075e+01 -6.452584819499664448e+00
1.354632129757360470e+00 -3.150382386089906284e+00 9.239229596204335815e-01 -2.079516071407280453e+00
6.052105739340094992e+00 8.818487146416169598e-01 9.758079523447545256e+00 9.284642533563037148e+00
5.687691487697087211e+00 -1.196766276023394360e+00 4.982975469408521541e+00 7.053400909254700757e+00
9.040217485127888253e-01 -5.608530263838275687e+00 5.877300107793968387e+00 5.896465759640848958e+00
6.524358570307777772e-01 -1.108468992793199659e+00 1.086946778245160505e+00 -8.808311680523890352e-01
-5.028312498384162055e-01 -7.347054261302921052e-01 4.587093740882906445e+00 -1.675088480472310959e+00
3.581308489236947890e-01 -7.920502884087725348e-02 2.540800238012392409e+00 8.258759782532235638e-01
-3.817670562721033001e+00 -1.030933263862330529e+00 1.309014244415017991e+01 -5.888196643098697614e-01
4.157997696279400190e-01 -1.467309699147134050e-01 1.077226464696401598e+00 -8.017784092623015946e-01
1.185528949972249446e+00 -5.170737207660683898e-01 8.245217866118086381e-01 -9.516898740185695260e-01
-7.021133660487544580e-03 1.337531554323316205e-02 7.923796140252259423e-01 -4.182135023583574696e-01
3.839566997322483854e-01 -2.247978478109262379e-01 4.888511452384367018e-01 -4.910021288780337945e-01
3.253667742743743818e-01 -1.662425811373252904e-01 5.028535850297828347e-01 -4.417925065707506427e-01
2.825836869581209165e-01 -2.314570297100563834e-01 5.161218724425732374e-01 -6.135137992773607163e-01
6.100430537000531839e-01 -1.628765856463965794e-02 7.005518299690799422e-01 -3.235899795351535602e-01
-3.862059663370661505e-02 -4.105072236126232177e+00 6.087746988429658668e-01 -1.298417514822315155e+00
-1.306056882425384313e-01 -6.665028003245081489e-01 1.240199754056326320e+00 4.058190926552349143e-01
-1.658376421958028535e-01 -9.176685523319561000e-01 1.269372857431374513e+00 4.668453914931527393e-01
-2.279268672804328211e-01 -1.010403234559905883e+00 1.376370140815705412e+00 5.690115906961130676e-01
-3.745979484122799463e-01 -1.105732911603190871e+00 1.032284582015364771e+00 3.566847754630421141e-01
2.423342385195798865e-01 -5.295381714839908494e-01 6.041645492608039847e-01 1.523039264923085057e-01
2.336410943278849003e-02 2.728838557047696067e+00 1.199128621885750157e+01 -2.695273763749049589e+00
-2.982786182199889113e-01 -5.074884916906128307e-01 7.879526490790862425e-01 -3.651260935876188829e-01
1.880759011818012305e-01 -7.159864523473631615e-02 9.857354522812332709e-01 3.405931506866668457e-01
4.075342992002959353e-01 1.296540530862306251e-01 8.372236933895345068e-01 -7.912337054661082725e-01
1.657613317787298146e-01 -1.314974217177341219e-03 1.707467883286824417e+00 -1.312155178902457475e+00
-1.248242606293273327e-01 1.044565998340437840e+00 3.362921582347750071e+00 -1.216160254252272477e+00
7.389710116523139083e-02 -1.027584782543102537e-01 3.566301766135997475e-01 -2.156312971715243776e-01
1.046211648399082011e-01 -3.028137875842007443e-01 4.725694380838159070e-01 -3.384329247301609001e-01
2.289135435816828656e-01 -5.724739739015436424e-01 2.764814085465658877e-01 -1.797910166478790955e-02
1.256958610695545382e-02 -7.181362958097133875e-01 2.379336230066835534e-01 1.199492020525316505e-01
-5.348567475917952868e-03 -4.710080327634025288e-01 3.678653982274697198e-01 -1.045536429460956207e-01
1.291982848106660864e-01 -2.257625811689429329e-01 4.337538092644426246e-01 -1.113314272838836771e-01
1.348803707037802002e-01 -4.941024216004412661e-01 3.820002389465977921e-01 5.838467991405099644e-02
1.999363824769375408e-01 -4.180638455587306623e-01 2.843568843833160220e-01 1.449172353675962956e-02
1.397142289336821830e-01 -6.395263346591132381e-01 6.012295552304998403e-02 -5.992388878814977615e-02
1.252793035681429856e-01 -5.881288561930837488e-01 1.678723754638907495e-01 1.039835731507574579e-01
1.137346427340633348e-01 -6.113414293850981673e-01 1.595901192957506765e-01 1.912220615782436184e-01
2.420835531634007998e-01 -3.037846172096618780e-01 7.639479037781768400e-02 -2.375535263390056440e-01
1.695257252589335295e-01 -4.951293164328007812e-01 2.834115534479390158e-02 -2.690222630438850460e-01
5.427055796343732003e-02 -6.257151441971182670e-01 3.121295377582476716e-02 -4.446220260716404749e-02
7.603809130030286800e-02 -6.183902743538096658e-01 4.405296438773116663e-02 -2.114795819171390034e-01
4.602020670143961573e-02 -6.303432233711001587e-01 2.295348453746855200e-02 -1.804690229137279056e-01
-6.641177552318189292e-02 -6.311389533709509392e-01 -6.371205725791163725e-03 -2.731756408491566868e-01
8.085392106405174528e-02 -6.847862084199461963e-01 4.616869303898284149e-02 -1.558736150865907832e-01
5.266874863309632671e-02 -7.248518230658603789e-01 -6.687751553379073927e-03 -1.206337466474631803e-01
1.079361224674517533e-01 -6.475627411134343703e-01 -7.662764976706073518e-03 -8.830035579667032397e-02
6.557769902443709442e-02 -8.175369857863616918e-01 -1.094847639566588933e-02 -1.561256834693141859e-01
1.122762045114062412e-01 -6.861607119566769386e-01 9.340695894703822735e-04 -1.514964964326975250e-01
1.468165561550959231e-01 -5.077771267360223773e-01 1.723210980276317431e-02 -8.074730414131482681e-02
3.762170882537224648e-02 -8.304696940891882484e-01 -5.361719111029605855e-02 -1.380909273700490492e-01
1.113866493720823414e-01 -3.759702383068014298e-01 -1.276179317000501225e-02 -1.456303489862074974e-01
9.824282612631267397e-02 -4.131791613146852948e-01 2.540799857753385949e-03 -1.058475463802001360e-01
1.122339612767700168e-01 -3.717189460021733116e-01 -2.141113720715702093e-02 -1.074722668325522740e-01
9.798513218915758105e-02 -3.179169600797400741e-01 1.164883478872192311e-02 -6.958643855372698139e-02
9.364909822882593049e-02 -3.574913570941304353e-01 2.076920655469019494e-02 -4.380243914158660906e-02
1.106699860355954829e-01 -3.582447092316574100e-01 2.009272888565684367e-02 -5.519624078604853240e-02
1.002084276990692080e-01 -3.638742429297699421e-01 2.704643108323171678e-03 -4.205738110668931495e-02
1.000704353584249279e-01 -3.421964005332748804e-01 7.073860999639574633e-03 -5.923571700084129948e-02
1.039791493623771212e-01 -3.630109317995142693e-01 -2.968160152338119619e-03 -7.094408499159715609e-02
7.645623769303543094e-02 -3.629459797690335887e-01 9.627358533702291485e-03 -1.015036767065459616e-01
9.452063774779360938e-02 -3.424798205974234899e-01 -7.414273466363838910e-03 -8.518603910619579334e-02
1.220335272330730914e-01 -2.928304662183806029e-01 5.567648043045272770e-03 -1.929057898771871504e-01
1.503490868759377319e-01 -1.937153665669437697e-01 6.347023587381830922e-02 -1.370270882542082291e-01
1.494416488864148407e-01 -2.158418345798954197e-01 3.460912598602551571e-02 -1.860026069615882405e-01
1.479095854845523250e-01 -2.174090047765920575e-01 3.593435170923050398e-02 -1.954242578452395074e-01
1.244951272117987978e-01 -2.585820138343561392e-01 1.350797141873630487e-02 -1.948277256119295420e-01
1.317611649760470627e-01 -2.906695090023510564e-01 1.327760846835207391e-02 -1.600022380192016591e-01
1.481216952429100786e-01 -2.400500854024871789e-01 4.083581915339287022e-02 -2.222141183448186619e-01
1.399080604066937072e-01 -2.851032710224151723e-01 1.636302853883789959e-02 -1.873768517929515487e-01
1.207436976785783156e-01 -3.091686290372523405e-01 3.337775608831791696e-03 -1.765741225923900815e-01
1.455504720044001610e-01 -2.985287214390637267e-01 1.714355452441575223e-02 -1.840220942506412549e-01
1.490595869961328646e-01 -2.806261521669684011e-01 2.216690834564956705e-02 -2.111321068183920069e-01
6.993228116445399101e-02 -3.649083357313913645e-01 7.034761098793031187e-02 -1.174008490785465597e-01
9.429351853945650008e-02 -3.287150513524820239e-01 4.421765696638491755e-02 -9.992069596959415878e-02
4.458317403767127207e-02 -3.148957924428116284e-01 1.491941564177741986e-01 -6.791970726461878105e-02
4.932751858199604239e-02 -3.484056123951633221e-01 1.650707398446892848e-01 -7.514742264308818531e-02
5.172449003190308231e-02 -3.653356816527549844e-01 1.730920200954868815e-01 -7.879906034527832392e-02
5.254793334852064096e-02 -3.711517510851223278e-01 1.758476097014891049e-01 -8.005352529132604700e-02
5.828568649565801785e-02 -4.116781237157928763e-01 1.950485584674323258e-01 -8.879463721352540140e-02
5.481904202891973998e-02 -3.871928379542022847e-01 1.834476998928855629e-01 -8.351341885135885046e-02
5.254793334852064096e-02 -3.711517510851223278e-01 1.758476097014891049e-01 -8.005352529132604700e-02
5.172449003190308231e-02 -3.653356816527549844e-01 1.730920200954868815e-01 -7.879906034527832392e-02
4.458317403767127207e-02 -3.148957924428116284e-01 1.491941564177741986e-01 -6.791970726461878105e-02
5.457990876234686956e-02 -3.855038137628563621e-01 1.826474588434832402e-01 -8.314911411502159955e-02
5.172449003190308231e-02 -3.653356816527549844e-01 1.730920200954868815e-01 -7.879906034527832392e-02
5.254793334852064096e-02 -3.711517510851223278e-01 1.758476097014891049e-01 -8.005352529132604700e-02
3.677621757347689091e-02 -2.597544124171964341e-01 1.230687782003826169e-01 -5.602629211145625926e-02
5.828568649565801785e-02 -4.116781237157928763e-01 1.950485584674323258e-01 -8.879463721352540140e-02
4.579641752361651719e-02 -3.234650627376918774e-01 1.532541822531230946e-01 -6.976800865151706887e-02
4.932751858199604239e-02 -3.484056123951633221e-01 1.650707398446892848e-01 -7.514742264308818531e-02
4.540125385641501088e-02 -3.206739789081081149e-01 1.519317974914356217e-01 -6.916600125349416095e-02
5.026389936081913229e-02 -3.550193713690393271e-01 1.682042659651965533e-01 -7.657394082530870338e-02
3.677621757347689091e-02 -2.597544124171964341e-01 1.230687782003826169e-01 -5.602629211145625926e-02
