9.570807859983697652e-01 -3.117379001536033645e-01 9.912195699162584805e-01 2.009267367629367751e+00
1.391078120240562210e+00 -8.381918741511281690e-01 5.183506769220432853e-01 2.586428877103239543e+00
4.380376085581866974e+00 -4.508490422674368281e-01 -1.315346778885112977e+00 3.398849393405755648e-01
1.610028475319360108e+00 -7.508129494424073958e-01 1.101695761797091944e+00 1.917073288444465451e+00
1.165599146430098321e+00 3.250511560833225654e-04 1.588012167635360683e+00 1.598917444267922816e+00
4.482968527331079756e+00 -4.493918743052170428e-01 -1.219678400282577124e+00 2.211307339737751121e-01
4.167535828191998526e+00 2.937428334141338124e-02 -1.744415082455895494e+00 2.895892638805321329e-01
1.620871321662278763e+00 -7.560046809173250892e-01 1.046498314405538643e+00 1.951902736351295742e+00
1.754672763992799256e+00 -6.806796371542186419e-01 1.428428632791457709e+00 1.564351362950692215e+00
3.696338224510732129e+00 -1.947074052126809562e-01 -3.980862883926639673e-01 -2.792969383577491582e-01
4.150410728779339919e+00 -5.880437998399993260e-01 -3.139891816666972590e-01 -2.957881053234623359e-01
4.113206809648298545e+00 -5.219359425355355464e-01 -4.370083254774301817e-01 -2.961332563333511914e-01
4.070485979704302260e+00 -5.130860987721255206e-01 -3.989882146368068372e-01 -2.833600400420803744e-01
1.557379529386173911e-01 -1.857871668518941977e-01 6.863402434096316229e-01 2.415342290968641059e+00
-1.083726770982622739e-01 -3.963823726520247503e-01 9.398022586427100533e-01 3.048417764352533421e+00
-1.175778281595166508e+00 -1.263505630569384253e-01 -4.126654272616924191e-01 4.303645254326653458e+00
4.197855856165135791e+00 -5.589786334622020014e-01 -3.723070223914179966e-01 -3.623707874260383432e-01
3.783854866942928385e+00 -6.947011914072441785e-01 1.198447341371495500e-01 -9.242420125361469618e-02
5.304586726594449075e+00 -4.952145758504262751e-01 -1.968129001705533732e+00 -6.430952661350102240e-01
5.153422268279389762e+00 -8.000886266912733413e-01 -1.976870384940028202e+00 -1.891056706258300579e-01
-1.755194044322314850e+00 2.177318122316429239e-01 -9.208883193887592578e-01 5.073743587947639355e+00
5.094968436465697970e+00 -5.439462128199579194e-01 -2.155356414601565795e+00 -3.370956263469779834e-01
1.665820053337076612e+00 -1.355836988526551767e+00 6.275552386299857455e-01 2.444268828616890321e+00
-1.482360236705984935e+00 -2.671407516063846743e-01 9.267754834941827058e-02 4.483123932098481035e+00
-1.498546825044251962e+00 2.282513057804772816e-01 -5.890093425753605283e-01 4.721167827474939571e+00
1.056328208649897515e+00 -5.669333726595577883e-01 1.764594144100914752e+00 2.025211695752012542e+00
4.969626082947361745e+00 -4.378968700456135621e-01 -1.962615070515009164e+00 -4.291922891424393427e-01
-1.554565962541677449e+00 4.080164153475501765e-01 -1.262339863482365432e-01 4.360031389391361145e+00
1.387838278923990698e+00 -5.819687039566041609e-01 1.199321784011989633e+00 2.005482181062931080e+00
-1.558932933854507041e+00 2.492976874523591402e-01 -5.924667577714057831e-01 4.765754717576088595e+00
4.436921068579605887e+00 -6.575766710902757328e-01 1.576719802193792930e+00 -1.120387607019915688e+00
-1.050534614165069991e+00 -4.597098947109779510e-01 1.316383625749411923e+00 3.005175420990000568e+00
4.363108440727994974e+00 -6.345664146625853430e-01 1.594145651800740193e+00 -1.096844878078402585e+00
6.061308780383312111e-01 -5.233870383935524950e-01 1.698094519193724894e+00 1.533879120117879635e+00
5.015586574826263799e+00 -8.151838848473115240e-01 1.713092185159807365e-02 -7.882745343675998662e-01
5.851504169953643419e+00 -1.854191422698622527e-01 -6.976918966612133399e-01 -1.640953694490456582e+00
4.798539843438358043e-01 -2.553890975622759019e-01 -6.741275662077883535e-01 3.190189218749353461e+00
2.010404522891569012e+00 -6.678645994672371966e-02 1.288282572307250629e+00 7.489601512528007987e-01
1.510330499592578812e+00 -4.425164292827388213e-01 2.538126314041917464e+00 6.891627753948453838e-01
1.646924513789828071e+00 -8.835650517840424323e-01 2.505829538506357146e+00 1.216349574839584724e+00
-4.467453206550180966e-01 -4.605452538284812158e-01 2.209592334071499853e-01 3.580389777723526290e+00
2.177020128084972583e+00 9.367011544921153288e-01 -3.992654637729377565e-01 6.280124638146739047e-01
8.779105349795808255e-01 -8.913680002973260741e-02 1.986218957783700167e+00 7.825212764580022906e-01
4.395766849485466921e+00 -5.001434665421010672e-01 4.982686080437781495e-01 -6.854371278588374805e-01
1.878120491779154966e+00 -4.994894980615725844e-02 9.122697028994156687e-01 3.666987027760089113e-01
5.546125686791643972e+00 -1.128543104516692569e-01 3.948076058518918546e-02 -1.704174913370241962e+00
-1.630137685021520122e+00 3.070546259817711898e-01 -5.184429016668770096e-01 4.737457082629850547e+00
-4.077913999207740114e-01 4.049530407449904446e-01 -1.105930326131653541e+00 3.620462974847295179e+00
-1.654709078453052928e+00 3.252266198314642809e-01 -4.985186298269406180e-01 4.731822964139992038e+00
-9.925789769166527554e-01 -1.537813140296988013e-01 -4.898128133945982982e-02 3.874454441677479988e+00
3.938553858169946409e+00 5.998825782693647524e-01 -3.106094632596227978e+00 1.260644685864157621e-01
4.020616812996300027e+00 2.805084009228139275e-01 -2.528858414925656106e+00 1.470846047751518393e-01
-1.385139214604004909e+00 -1.549692431548537752e-01 2.118120376563584095e+00 2.468559106622287835e+00
7.470254746777337251e-01 1.517447072732094199e-02 1.132235917422145244e+00 2.016915260534471788e+00
-1.161407350240319047e+00 4.912572257670362319e-01 1.346780238266855223e+00 3.328919968700669418e+00
5.811991504032769207e+00 -1.158742855121151494e-01 -6.575033882651774020e-01 -1.660216248871937417e+00
5.771510339748051166e+00 -4.934720438760389211e-02 -7.682576904902209680e-01 -1.661219593130314198e+00
-5.330016681261842137e-01 5.975245926819008208e-02 1.147200223611138492e+00 3.341296107947445471e+00
3.510503627777803004e+00 4.076538762566203102e-03 -1.400798431081843765e+00 7.506056787260878549e-01
-6.247191010441089931e-01 9.494576600406788580e-02 1.090277645133187701e+00 3.412089967818175307e+00
4.584857057143335579e-01 -8.928022711393068800e-02 5.619541453686586197e-01 2.626359715356014757e+00
6.065125066227298412e+00 -1.456383057730613051e-01 -3.995976442111935922e-01 -2.030399652218193296e+00
-6.273527763429849191e-01 2.674756855158074709e-01 1.488086848200368184e+00 3.026446844216144516e+00
-5.625497137817984106e-01 1.093215278204276858e-01 9.694711355860448077e-01 3.401995336512714907e+00
-1.071698797183267438e+00 3.150235742229374192e-01 8.974093423176783269e-01 3.684946546093887054e+00
1.926124625754665365e+00 1.253975573677583444e-01 -2.992601481224922422e-01 1.382972472900223293e+00
-1.478413336325200778e+00 -7.917997740792508121e-02 2.103682527741654429e+00 2.474510173826796944e+00
1.101308496951816540e+00 1.189969527832121787e-01 8.168246808225958222e-02 2.058472586784783509e+00
7.133765480916546275e-01 8.729937715661656786e-03 2.587602095079378772e-01 2.216833929872406461e+00
5.267235394917539892e+00 -2.574279517163972630e-01 8.877595578551376043e-01 -1.713875368490588968e+00
3.597915996933448657e+00 4.661956507686278450e-01 -2.748835269685389604e-01 -3.248299193222710102e-01
1.109897323209660280e+00 1.133477946480452719e-01 7.531948688590953123e-02 2.058076235950264898e+00
1.478729768343307160e+00 6.855001531879424681e-02 3.510663265615830420e-01 1.614934463601076953e+00
1.092908186640732415e+00 1.320009684288637186e-01 8.493879411394676671e-02 2.054861472292794922e+00
5.888845751679053997e+00 -5.245692364022808141e-01 -4.607333707150249730e-02 -1.705913318219764330e+00
2.517734560106211106e+00 -9.012963958975829248e-01 7.354041097199992549e-01 1.436646637144233241e+00
1.315429632152182560e+00 1.055084122100407029e-01 1.591033946160136825e+00 1.481501871857769714e+00
1.186183806612019387e+00 7.569960076739576382e-02 1.113031319964133403e-01 2.016396520682748772e+00
1.496067090467461336e+00 1.022367703024135432e-01 5.434810467009870694e-01 1.466343641391658403e+00
1.670415796672802600e+00 -7.657039659392295139e-02 -1.230065723873897010e+00 2.330026264273108438e+00
1.522494859173523896e+00 1.144928213887994317e-01 4.880773427135545739e-01 1.419978271209741072e+00
-5.280311226590874707e-01 -6.661931239212119937e-01 7.484683398230853602e-01 3.109680408660098205e+00
1.312350250727792877e+00 1.056088530019791832e-01 1.579344760611018028e+00 1.489700134520278718e+00
1.823697443603075619e-02 2.332179946984160868e-01 1.125878437938677035e+00 2.547449004138003570e+00
2.711083474255536530e+00 -3.143966404743812615e-01 1.731485886589756995e-01 9.884170982906067549e-01
1.303566032942604647e-01 2.061093069266844435e-01 8.188793486153009837e-01 2.658187765806225844e+00
1.919697100481993823e+00 -1.228628443101923845e-01 8.861655268118755480e-01 1.385685362728484860e+00
2.785576728162888926e+00 -5.005627715942794209e-01 -1.153584921908181737e+00 1.416262775720769085e+00
1.876011331375651681e+00 -3.665377948981721201e-01 5.294486940206697412e-01 1.528329507350237870e+00
-2.605158267205546774e-01 -2.620446082593137493e-01 -1.026209746788378646e-01 3.643621293003274531e+00
1.595937385647387685e-01 2.155239812359406870e-01 8.001318074021245286e-01 2.633181774154286003e+00
1.219003173067871204e+00 1.054643663748594667e-01 1.577711560871651209e+00 1.443504972486991056e+00
5.854248450361600575e+00 -3.379775613654888988e-01 4.838453133409326146e-01 -2.125466456768577928e+00
3.397692642544768216e+00 1.475415833558954559e-01 -1.792923235066209653e+00 9.333497300147122200e-01
2.136122005037227378e+00 -5.084121075273521084e-01 -1.812749121026962618e+00 2.282352582552443998e+00
2.774956397791513929e+00 2.289781996486215387e-01 -8.789273322685274559e-02 5.113951550671766988e-01
9.437370491925443083e-01 2.209511343743382483e-01 9.782210995867394177e-01 1.906328452058825729e+00
2.012176143099978720e+00 -1.470713404412403724e+00 2.309458560242108049e+00 1.176615237311515516e+00
1.308871123219788490e+00 -2.094346526619625115e-01 2.672574812417606582e-02 1.879742350618771818e+00
1.245199595786446345e+00 -6.908053680053979351e-01 2.339139256079862672e-01 2.794817365001509124e+00
-1.894680579202730142e+00 -4.429719566557879795e-01 2.163865241418855501e+00 4.088059808739489931e+00
2.686295986278230519e+00 -2.642254207790055154e-01 1.461859228446434067e-01 9.753811623814105936e-01
1.276851752184285926e+00 -3.340678768458860137e-01 2.863761915250956358e-01 2.110892865174494037e+00
9.861932291168025166e-01 -6.130911156266136836e-02 2.988434954582286363e-01 2.146987770833491904e+00
1.117834626490170624e+00 -1.372939017054536803e+00 1.380321878946650482e+00 2.565648951122865729e+00
1.389885356556116669e+00 -4.456027265372948798e-01 1.858444232761819470e-01 2.179026293520089919e+00
5.786727062647899267e+00 -2.026522234531343003e-01 1.129471274233604827e+00 -2.593354441795383991e+00
4.790060322650820379e-01 2.829440824882253347e-01 4.037456688423559092e-01 2.631245783028633323e+00
1.159868649448915212e+00 -4.821404860256755520e-01 1.392952413096472775e+00 1.770776017116752588e+00
1.465455219124684128e+00 -2.975948819922464850e-01 3.948514717461016482e-02 2.121304304154078668e+00
2.434292973251289127e-01 1.695175033568137590e-01 8.980875105320799134e-01 2.558247307112369473e+00
1.729041176202078534e+00 -1.924486977018142683e-02 8.516874750906864300e-01 1.543536652585203894e+00
-1.489064000095511986e+00 -6.960816765705439557e-02 3.138093080196087681e-01 4.387212893133368041e+00
5.497364978630733034e+00 -4.283485057939406815e-01 3.324929267092985308e-01 -1.823565791773996247e+00
1.599178852979629362e+00 3.080723016197079757e-03 -1.412598612532855791e+00 2.128367087571568117e+00
1.828295455954882742e+00 7.891609382196002054e-01 -4.720178319617848173e-01 1.003351490964095927e+00
1.636401215146259469e+00 -4.415380818726507423e-02 -1.212862605558791218e+00 2.507168847219522601e+00
2.321400413132494567e+00 -6.922457201158435658e-02 7.212611399927560951e-01 1.061309717007784981e+00
1.244410716628061131e+00 1.365470795055332975e-01 -1.261447422109053029e+00 2.165307189332318583e+00
1.014325133108127552e+00 -1.244895792262642020e+00 2.324045171204394133e+00 1.927344510166434599e+00
1.041273978298599356e+00 -7.310603538444836458e-01 6.065488783938949302e-01 1.869438460432152560e+00
-1.866672116299552986e+00 -4.239255758386359929e-01 2.041174096999305299e+00 4.099525039281910033e+00
2.072843252042977924e-01 2.740174998648500226e-01 -3.522220529467580130e-01 3.113500207586992197e+00
1.145319003196038965e+00 -5.562191237052614978e-01 1.040815430820990484e-01 1.783716973863341826e+00
4.651815852640592830e+00 -7.992889161005760357e-02 3.912060718489854261e-01 -1.092343311853828824e+00
1.637569365793561715e+00 -4.279522452832226764e-01 -5.734940438213030900e-01 2.471808518259772214e+00
1.438283874306828913e+00 1.094690948079009157e-01 -8.509996686302030433e-01 1.796017418520789555e+00
1.434582276367669440e+00 1.099687014480158209e-01 -8.994131166642822528e-01 1.818236406976968311e+00
9.456424387177618796e-01 4.792221251335532228e-01 -5.898256927597014254e-01 2.258645990251451519e+00
-1.839982285360074243e+00 -4.280720601688318139e-01 2.086632966534408773e+00 4.053033046451870902e+00
1.609211452842749024e+00 -2.036458376947655746e-01 -1.748001833276513761e-01 2.019497942728631035e+00
5.835175480282458693e+00 -5.169176069697975842e-03 -1.553638972621567416e-01 -2.068282547790502690e+00
1.736349762564921129e+00 -2.057767718954710834e-01 -2.985873265885236397e-02 1.851093708528996462e+00
9.224400044514812214e-01 -3.450655721968472478e-01 -4.953970322080324395e-01 2.812449323221292374e+00
1.404734896206150330e+00 -6.598836672038173035e-01 1.720846635650928436e+00 1.561315639304002412e+00
8.920530536079380735e-01 4.868581878937754820e-02 7.703381255425822971e-01 2.023969703870014847e+00
1.322423471015175878e+00 -3.223271638905400582e-01 5.070361620225990462e-01 1.932001327231672727e+00
2.018560504682034296e+00 -6.918610241516741366e-02 -7.786622852141260598e-01 1.562277990060294997e+00
1.416198965238501417e+00 -3.132519282472899791e-01 1.735502256401114385e-01 1.917066762596906671e+00
1.404329538501859931e+00 3.152440481797467164e-01 -4.927764398645485544e-01 1.668235913571007201e+00
3.938316880124446584e+00 2.186540528887248869e-01 -5.877691151950559245e-01 -1.492576517697238869e-01
8.165398880750479593e-01 5.060143236939307343e-01 1.911558882442360441e-01 1.867117776587769118e+00
1.596637329776932956e+00 -2.078211845352984921e-01 2.491947583724232473e-01 1.807748378373412956e+00
1.644610901051879903e+00 -4.027917785707003095e-01 7.645226026459617241e-02 1.836174124551514408e+00
5.564462411223635163e-01 2.670134093156050215e-01 2.669331600482551803e-01 2.341272391718880463e+00
-1.862752983692875564e+00 -4.289170823069499150e-01 2.038828892979028140e+00 4.101348686728165660e+00
1.291076936588922308e+00 -5.293692749855422042e-02 5.924652678032523712e-01 1.626647372771099720e+00
1.070465667379313590e+00 -7.359869833021145946e-02 1.253861650610683665e+00 1.709124922586061190e+00
1.341041677093932405e+00 5.242315846315240280e-02 3.609575202286130491e-02 1.727578968930058689e+00
1.126932390088705160e+00 -1.410423690573211264e+00 1.396751916510677427e+00 2.566316337509894741e+00
1.217258023532969080e+00 -8.087883294646000532e-02 -5.121064598570514992e-01 1.955092823096835186e+00
2.709199766760039374e+00 -6.804817724926033318e-01 1.018467605381626839e+00 5.723125699752165119e-01
1.753454697194048340e+00 -6.856044924922687356e-01 1.428367451554141798e+00 1.567170875275340158e+00
1.434182730520021432e+00 6.331983245853090025e-01 -7.127671938293520526e-01 1.786733037717315842e+00
1.820590547820840399e+00 -1.403663267812199633e+00 1.951494826075818034e+00 1.562437001924178448e+00
-1.654552842873859175e+00 -4.396201576469866978e-01 2.077415646001163463e+00 3.838633235532745491e+00
2.115588530099251408e+00 -1.273837165065786925e+00 1.398583257859594919e+00 1.427903168989077987e+00
-1.626749566761418242e+00 -5.880022296390808867e-01 2.235169698864504451e+00 3.887909010273345789e+00
-1.627571528313019877e+00 1.414299201819082807e-01 -4.247455833385561652e-01 4.530560919842073986e+00
1.771632970857882627e+00 -2.748920673914500012e-01 1.315475334329390344e+00 1.318128070846880329e+00
3.766223152002681207e+00 2.087829030705997402e-01 -2.395300193941727329e-01 -1.564870759884385842e-01
1.779212499641567247e+00 -2.451517641236490297e-01 1.168792135302073376e+00 1.352066180127667439e+00
1.978559485542132679e+00 2.010308829899750405e-01 -5.966864012789031835e-02 9.213821169879401474e-01
1.772015147107523392e+00 -2.766711348270235460e-01 1.316039160833605282e+00 1.318454385650230432e+00
-2.145219628969630143e-01 -4.774099997205291102e-01 2.693459791015852534e-01 3.519519003590190653e+00
1.647467852181731196e+00 -2.508752329617199295e-01 1.395151085135492464e+00 1.355398304488554695e+00
4.044372771502613428e-01 -5.659368782797065123e-01 1.039897714398283490e+00 2.363828650913061935e+00
-1.856925875959389405e+00 -4.362184751003764793e-01 2.038626392203819027e+00 4.101421849334337288e+00
1.203353302681620551e+00 5.247643075076717165e-03 5.754917353968854732e-01 1.500952500679510582e+00
-9.192870631903857781e-01 -6.753588821954389365e-01 1.913781838778566557e+00 3.767902609386819535e+00
6.662813394975651837e-01 2.012018306208853413e-01 -1.419216151201587728e+00 3.293629188992921009e+00
7.516617285604664245e-01 -3.488945601664152907e-01 9.137500955196338481e-02 2.704246903602774310e+00
7.355003209874494408e-01 4.625767627893784262e-01 9.582782998345311665e-01 1.534422966982005754e+00
-1.864163726830340151e+00 -4.283777672373740852e-01 2.027831728090562002e+00 4.104211454293468009e+00
1.466490605606273867e+00 -1.662504204464005167e-02 -2.431592236183218597e-02 2.222652328536844024e+00
2.823012683576009429e+00 1.266167836942733438e-01 -2.563480985078940289e-01 -3.915957228247702454e-02
1.140510105303010002e+00 -5.075006680627295319e-01 8.008089780376989042e-01 2.180922986982397838e+00
-7.522705356982127833e-01 -5.330081587990437991e-02 1.837656667013308098e+00 3.213387919269228288e+00
1.666285625270659931e+00 -4.065560188505349948e-01 -3.629151352543656395e-01 2.185180596779310758e+00
2.047432112948127436e+00 7.354580042121280359e-01 8.831884229782535067e-01 5.341869935093044308e-01
1.657086779480245742e+00 -2.394271620086206587e-01 -7.229912418473689872e-02 1.969903475531292525e+00
1.281298064253484137e+00 -1.966320012835346132e-01 4.766706265711925239e-01 1.750354377714978593e+00
-9.901541390482224703e-01 -7.367742778034658269e-01 2.155355759751473865e+00 3.655241985399751314e+00
6.107060509242667745e-01 -4.122036404340615467e-01 2.594957776770840940e+00 1.801075987846929349e+00
1.392732700908345445e+00 -1.523223110272010627e+00 1.891442063622489567e+00 2.146709696521661659e+00
5.311307532652214114e+00 -1.336634084021061097e-01 7.881183329038139451e-01 -1.865831149968657510e+00
5.537715924523730848e+00 2.360949259289065738e-01 -6.243582376655909538e-01 -1.928537697082937985e+00
5.341935668930789305e+00 -7.988291829734424365e-02 3.502417835546233760e-01 -1.746038823232935799e+00
2.283770556855148293e+00 1.648560049259467364e-01 -1.162722468333920567e+00 1.393931145366968938e+00
5.773781286125294621e+00 -2.973271220657275893e-01 -7.335404222212526387e-03 -1.866343587905703094e+00
1.954536625799353722e+00 2.345149363614190130e-01 6.873104072944903331e-01 1.194693240096545539e+00
5.380282253927942904e+00 -1.014625873344220386e+00 2.583237538638326392e+00 -2.209736648845272100e+00
5.785963922795883008e+00 -3.175449520376902313e-01 -2.699970551848883751e-02 -1.844286845774552930e+00
1.295364496171278468e+00 -2.688505738027796022e-01 1.056596159240597910e+00 1.602354724056796131e+00
1.235761765457754180e+00 -1.171577199333339925e+00 2.197200112345706557e+00 1.605315089590156452e+00
5.082873603469622026e+00 -7.844153627721861533e-02 1.041523003822030002e+00 -1.930194574212322989e+00
5.341902387424170229e+00 -4.952750471087206119e-01 2.198954844271222842e-01 -1.244700797488667465e+00
5.177675536280732516e+00 -3.688268044709177018e-01 8.264158064709947737e-01 -1.509916821331792613e+00
5.279870620112260937e+00 -3.947552118723852144e-01 4.358720883634905063e-01 -1.362165755693830027e+00
-7.505694075060637127e-01 -3.223432278779764237e-01 6.877285482000813355e-01 3.478832062976258133e+00
1.019135735527648412e-01 -1.645362587714056246e-01 5.363538799736626839e-01 2.897371542186773397e+00
1.066201353453390954e+00 -4.008603811775369175e-01 6.146742833821996488e-01 2.397304469082621292e+00
1.137015603780126227e+00 -8.018431785986543381e-02 1.150538825940572440e+00 1.686633968164785724e+00
5.790074080791495881e+00 -1.240316425874031653e-01 5.799750731555688432e-01 -2.275569063814913751e+00
1.314875722318896267e+00 1.037481672932337312e-01 1.590448510430371609e+00 1.482242246649959183e+00
5.631755301632604294e+00 1.512797400545388693e-01 2.596012170871982508e-02 -2.116664585470404703e+00
-4.944732852130134249e-01 3.627092162540124232e-01 -1.421712124400138944e+00 3.891954757730945680e+00
5.382996421721983005e+00 5.496088768915798062e-02 -8.411069300860683773e-02 -1.796263608162127268e+00
2.932662953570385866e+00 -3.049419382750546692e-01 4.963124803546042907e-01 1.176598296069653882e-01
2.853532076072121892e+00 3.067971119965833271e-01 -1.574287322339265494e+00 1.254181228440281792e+00
-5.509522932807077167e-01 5.107992539209100791e-01 -1.164276667312284630e+00 3.669200471690682530e+00
1.121710497438714871e+00 -8.528768139460449205e-02 1.140488142126949489e+00 1.736056786239043692e+00
1.012082603817098692e+00 1.490701477944084974e-01 1.681193950468081941e-02 2.288557405233552444e+00
-4.275415426266090391e-01 4.374229175481268994e-01 -1.093793463697530388e+00 3.609479010376910768e+00
-4.781878432514427013e-01 4.539362218285357686e-01 -1.143608822991595941e+00 3.660740849394158669e+00
2.905696113479040221e+00 8.802604730788742005e-02 5.590804514853674467e-01 1.972849431045679836e-01
2.939364977563177384e+00 3.265915561413228474e-01 -1.775316805243228213e+00 1.191696620007521634e+00
5.939678457273434020e-01 3.659404670011232596e-01 1.791007503944765045e+00 5.499235877434659470e-01
8.339990990237194923e-01 2.595587657894154465e-01 -2.588813239259891152e-01 2.069429221723011025e+00
4.712662431932066909e+00 -2.080966007458193712e-01 6.890729561754370680e-01 -1.386132911678913837e+00
-4.245644471476109905e-01 4.337563860960319539e-01 -1.077122192737863582e+00 3.600117268423367545e+00
-1.092933327029799839e+00 -8.489369074066984711e-01 -8.761408622339192376e-02 5.125797758330548959e+00
1.702122203612759677e+00 -6.316526456790679811e-01 9.674238961043954976e-01 1.480505189955488188e+00
3.018574419409830512e+00 4.039200851715439231e-03 1.091151370515645924e+00 -2.291226868718802823e-02
3.278795596509904264e+00 -3.194378714310457390e-01 5.555510679217502412e-01 -2.011457237045961299e-01
3.567745432330331479e+00 -3.027770780281102692e-01 -1.732159272005683093e+00 5.004260316184958590e-01
1.790398438950200122e+00 -4.999601606035816159e-01 -2.839563526022202411e-01 2.025546173034753483e+00
4.300674179425413080e+00 -9.988115323586317373e-01 1.179313165728136603e+00 -9.496175760464691251e-01
1.853245141474308078e+00 -6.253186591526377347e-01 7.349735469737238569e-01 1.480395860635535410e+00
5.441185967778318089e-01 6.569085978426596473e-01 -1.642589951972671658e+00 3.233695285833142474e+00
3.776197431597855925e+00 -3.932134499111879511e-01 -2.205034630834401987e+00 9.894658960882208865e-01
1.065543053638862370e+00 -1.923264696602775339e-02 1.778932121390291554e+00 1.447072837804422196e+00
4.895509349594519222e+00 -4.371602903685461450e-01 1.467520081071184146e+00 -1.618454972846943507e+00
5.269819615635472410e+00 -1.025471664581672382e+00 1.328888571843260813e+00 -1.477539696618829446e+00
1.441008353652358576e+00 3.218516472633097814e-01 9.122190945519743632e-01 1.597378722789614347e+00
3.242328793522033514e+00 4.611367473790921045e-01 -1.120178941806299511e+00 5.655214590239666661e-01
4.597646474479927248e-01 1.434070974689944933e-01 5.172637239374047180e-01 2.623473849053166163e+00
5.326094671748519360e+00 -9.874066764550820663e-01 1.407108901207343443e+00 -1.598525436470133121e+00
-1.235665601301032090e+00 -8.844901381511273142e-01 7.652172798247304508e-02 5.232497578337390820e+00
1.623144738449605162e+00 8.295926802018856183e-02 -1.324621428855715877e+00 2.425748968853060905e+00
9.180106718716414260e-01 -1.211037880195254685e-01 9.886324815847361558e-01 1.322083793947291586e+00
1.982604746855066935e+00 1.285343208823065964e-01 1.216182731903118652e+00 1.020742797162078164e+00
-1.211678865101577518e+00 -5.553941215654090158e-01 -5.185882407000563799e-01 5.190306718609055459e+00
2.306477987503031013e+00 -1.636874537924318584e+00 2.018824318811258234e+00 1.338760624520151987e+00
2.536480804809765122e+00 2.059697297059351062e-01 -3.241587588276357429e-02 1.862241631719133705e-01
5.046156350977220484e+00 -8.136513445262975042e-01 1.112791912747895795e+00 -1.373795219517406130e+00
5.057750684500757821e+00 -2.561910698107000006e-01 2.105283486987005181e-01 -1.370760518109951365e+00
3.388155334277930475e+00 -6.086062844076690626e-01 -8.435792803627950587e-01 8.289775773362884070e-01
2.099279707119750427e+00 -9.440850733633621150e-02 2.562257873324479407e-01 1.344307922426473345e+00
4.711203604794286903e+00 -2.172263110499572381e-01 -7.104836900329360994e-01 -1.004800557622724799e+00
3.092701764162698375e+00 -1.975129418524098346e-01 -2.273190498686611161e+00 1.347740547069234296e+00
5.627779080254477151e+00 1.189136080417843751e-02 -2.551029822844501638e-01 -1.773333212741611264e+00
5.187286467468061879e+00 -7.880947582073372093e-01 1.295231376720598515e+00 -1.535847692242877427e+00
5.188556265400337431e+00 -8.929966641722865139e-01 6.799828697017813450e-01 -1.122316974235407550e+00
5.044085751871024703e-01 -4.608377965773350904e-01 -5.340768586758121161e-01 2.836785730529656213e+00
-6.995218896292766386e-01 7.052753668028119982e-01 -8.294307830380610591e-01 3.425525387956520618e+00
3.405499027338381168e-01 6.609048283542976465e-01 -2.119657144622956402e+00 3.626282808257140555e+00
5.675616982227480456e+00 2.080215724744564065e-01 -4.425571290903982380e-01 -1.923917032918079029e+00
5.550714205390934630e+00 -1.630601989785019079e-01 6.786455397667919831e-01 -2.041534253333534998e+00
1.355405734885821500e+00 1.233573226542768464e-01 9.113615336594567407e-02 8.215058616692729743e-01
3.120698075203489186e+00 -2.682931896283580198e-01 -1.699195497016454670e+00 1.239287714532968376e+00
-3.605998950521265844e-01 1.786700916754242197e-01 9.930616222309298635e-01 3.056693440493340130e+00
2.182433439768563410e+00 5.531657993446220667e-01 -2.216755173317714878e+00 1.311510196489072078e+00
8.633275232801865817e-01 4.609164525767150966e-02 9.085281649592590325e-01 2.268578963094250334e+00
8.232074187629228046e-01 5.841233428562086355e-02 1.128299119003725925e+00 1.127151968570794027e+00
5.132919876248976720e+00 -9.007303892556859370e-01 1.327738919283828034e+00 -1.491657022633067875e+00
5.149938344501053145e+00 -2.132565460702467719e-01 -1.551051542793988047e-01 -1.343046910860530074e+00
1.569403103977091263e+00 2.171107360296499755e-01 1.280372457798706121e+00 1.227574561967187172e+00
5.375185547427719257e+00 -1.468479801975133836e-02 -1.647875563089928608e-01 -1.545835666490618543e+00
1.832421850378948835e-01 6.013617104580889494e-01 -1.245047999381581505e+00 3.329714088047361464e+00
-2.593136090104425362e-01 -5.472452170119341819e-01 -8.806185488172941778e-01 4.485394222977637568e+00
5.855520450953344280e+00 -1.760246205078117854e-01 5.207025212337595965e-01 -2.260856466367415774e+00
1.572556281243658649e+00 2.832870769253234000e-01 -6.616637203320945293e-01 1.952797173497866856e+00
1.652669356789521871e+00 4.186077136358630491e-02 1.158711812337533287e+00 1.514767898659648893e+00
-1.215527966648330960e+00 -7.395127726086276887e-01 2.317117377954360791e-01 4.996020837342573628e+00
2.420399039614551384e-01 5.917835142232482637e-01 -1.102404064388678107e+00 3.191122573965398779e+00
1.534630334862512546e+00 5.455893460186638233e-01 -2.276433622830800474e-01 1.737374082253031249e+00
1.732763265773755279e+00 -6.971949757254757019e-02 9.808071903143220638e-01 1.551380713832593239e+00
4.474611985618439092e-01 2.176267449848796609e-01 6.080207161354661549e-01 2.476979114259211912e+00
5.582798020453487275e+00 -1.777644699892431124e-01 9.465544556175789492e-02 -1.688879006560894069e+00
4.071360436973215258e+00 5.108255861573225420e-01 6.275637772301638773e-01 -1.191706639759648523e+00
-1.206127280246118705e+00 -7.278809466962465891e-01 1.710090533123695411e-01 4.997780395335768233e+00
1.421007202794454249e+00 2.443728604846044650e-01 -5.268321896333949539e-01 1.600416441849237259e+00
3.175985570321507856e-01 -2.469121643442069025e-01 -3.058319257850081740e+00 4.143126130612810876e+00
1.160694574659062228e+00 5.176700730316624588e-01 -2.136078215502694166e-01 2.204833800700299662e+00
1.446536439054286971e+00 -1.694366096926878396e-01 1.133441079371854121e+00 6.337523215044046365e-01
-1.159951664769713009e+00 -7.312123958572447346e-01 -3.602311494672563730e-01 5.060856008431847464e+00
-1.605037365042683462e+00 6.010205311719925975e-02 -2.112258496346679504e-01 4.652588801580097133e+00
2.098893214321028822e+00 2.455016277511494205e-01 1.632987287404949195e-01 1.279729254475320710e+00
2.454102199883470836e-01 5.249150276002585436e-01 -1.823469857817632933e+00 3.698888170098655337e+00
1.737382699779508322e+00 5.265022777939569743e-01 1.208871225809810962e-01 1.503634534487926055e+00
3.034901936990849425e+00 -6.196268570657544744e-02 -2.959073566388454313e-01 -1.696325655189273541e-03
-2.585639951037135287e+00 1.246605522486987638e-01 -3.253543886405755314e-01 5.579284303791748556e+00
-1.046943157516518674e+00 -5.857647923530744788e-02 1.534333465276700170e-01 4.101077758961864994e+00
-5.282881953560026878e-01 -4.390518926828494983e-01 2.977520338857414517e-01 3.700319479566906544e+00
-9.797227569272366487e-01 -1.546639758270310916e-01 1.427621613561703917e+00 3.447223959185429898e+00
2.480447201688552816e+00 1.753978193532397256e-01 1.479098742407166656e-01 1.696091490959494852e-01
2.446266250404753428e+00 1.382093264327026727e-01 1.177178640359348993e-01 2.393453533075500794e-01
2.381133221867422378e+00 -1.269481549857036096e-01 -1.695005649770155109e+00 1.639424922082602487e+00
-1.390657631895849677e+00 -7.218598936369295671e-02 1.088373172074363904e+00 3.807363518345011855e+00
2.386759692936159194e+00 3.911216756568889896e-01 7.824606390632837805e-01 6.051742016749148689e-01
1.685445652251776671e+00 6.426407489691591257e-01 -1.356222120047215762e-01 1.472527383252062005e+00
9.294918711468930228e-01 -9.078087215748291416e-02 1.977812989229386975e+00 7.213700984997263310e-01
8.304171349406498370e-01 1.515065133235373729e-01 7.300286223554439680e-01 1.749204676715562901e+00
9.228512068007396207e-01 -1.284231930661921539e-01 2.034260440148246030e+00 7.448097720327893079e-01
2.493301682928615648e+00 2.649367083854062832e-01 8.081508221060119679e-01 5.613453446966655269e-01
2.122567487109077611e+00 6.795681951132137577e-02 1.562035226537944466e+00 7.998351238109905337e-01
1.827296404090508641e+00 -2.645554593563396728e-01 1.562772032040531167e+00 1.997417969123594511e-02
1.582969735717762561e+00 -5.193854744669540446e-02 1.154389238801755813e+00 1.696936848894492034e+00
5.794237972019068650e+00 -1.388955262759604126e-01 -6.615629973014557352e-01 -1.635919153675180926e+00
-7.335034862238059006e-01 -8.849370210059683828e-01 -6.861815181508313932e-01 5.197923151407447762e+00
1.738596809554307621e+00 9.485839414355798360e-02 -2.869001268649508107e-01 2.040804982653970256e+00
-1.298252050138984925e+00 -7.242811162933054936e-01 -2.474338939208735669e-02 5.168616189815089967e+00
8.282911608919608648e-01 -3.652957454363980339e-01 7.886715437800233541e-01 2.438129265434829662e+00
2.663107913599810139e+00 1.819577784801656301e-02 1.815450218411678029e-01 5.004632643526861491e-02
8.268366129259813180e-01 -3.650872754866886227e-01 8.021391278695348959e-01 2.432129461280733373e+00
1.056235483669085706e+00 -4.321220895881758839e-01 8.681606549520914928e-01 2.242462566008996738e+00
8.755507967353974852e-01 -3.841837951880762714e-01 7.238347518129042424e-01 2.457912159909519279e+00
2.618753422802325925e+00 5.132090334137565796e-02 -3.789131169532084648e-02 1.832641384080773705e-01
3.262480479118537779e+00 -5.233420535722645983e-01 -1.366032770510393179e+00 9.968918248944428351e-01
1.495136523755040248e+00 7.092865192107521144e-02 1.794020550382236845e+00 1.293896743164689278e+00
1.046806504114354164e+00 -4.232563803492435661e-01 6.055448050810315896e-01 2.424179847986460690e+00
2.437569645200260426e-01 -1.629810674813053084e-01 1.569703184002933627e+00 2.345244771659661165e+00
6.742253595687188739e-01 -2.574559052712601104e-01 8.626275318164198236e-01 2.449760812270298072e+00
1.506045093339695162e+00 5.215419454543822608e-01 1.020287621848378734e+00 1.253990213475677962e+00
1.527620738066595374e+00 -6.157522591066884043e-01 4.665386475284387102e-01 2.209937606580611114e+00
1.533896359477664006e+00 -4.484745887601566949e-02 9.176650050551657944e-01 1.814423339128015567e+00
1.042274988865043994e+00 5.253389471787067722e-01 4.516976619662662618e-01 1.559042503985079708e+00
1.319770751218970251e+00 3.934125906300550146e-01 -5.414595716632861766e-01 2.119071803429051215e+00
7.627155267422973672e-01 6.123885423230283065e-01 7.617920610301885942e-01 1.766927857054237716e+00
1.025931065694821509e+00 -8.009072448704396274e-01 1.615060988085102567e+00 9.271509866653490084e-01
9.678675755602499375e-01 1.775450085800471534e-01 3.080353951004337620e-01 1.620817069444366210e+00
6.904707499426776529e-01 -1.527755926118356915e-03 5.643805701354730475e-01 2.030001844578813497e+00
-3.476175286074437154e-01 4.399581623404713038e-01 1.690903440880652697e+00 2.461873100456425600e+00
1.695458393949824671e+00 -6.748084026363606602e-01 3.737017505461207589e-01 2.103535784422488231e+00
1.901406834187108652e+00 -8.886746715102873395e-01 1.315301532411657703e+00 2.739036641208804079e-01
1.359164862262528750e+00 4.420760362958651157e-01 1.787069635299379788e-01 1.711501888507154012e+00
2.259436572230280937e+00 -6.055694870340240510e-02 1.879507918274553602e-01 4.205096472393441975e-01
8.705509878294528936e-02 4.736610177833068258e-01 3.012927591396565852e-01 2.808732010981246141e+00
-1.358659724850044492e+00 -5.239431429367127357e-01 -1.062521958235024711e+00 5.463784809820887212e+00
-1.361673090074096759e+00 -5.115217915734737719e-01 -2.346340029111340930e-01 5.013720307657831832e+00
5.837791150593193423e-01 4.207405519062747817e-02 -2.601813768694024032e-01 2.831379225206354100e+00
-1.010960039547047051e+00 -5.824091258025834161e-01 -5.922203953555215117e-01 5.114818295724365527e+00
-5.514183319667700367e-01 3.727434620947062682e-01 8.334705592293366605e-01 3.146606000578046292e+00
4.437163641306172135e-01 -7.799199002652465462e-02 -1.743523587700407607e+00 3.450001284369539345e+00
1.332973220343316889e+00 -6.409927222605522890e-02 -4.714500787947681348e-01 2.045592741997335207e+00
1.726701750313000883e+00 7.996888528163983434e-01 1.194543271101904836e+00 2.547566401407284631e-01
1.840666467651333349e+00 9.177748028025779770e-02 -5.957266639602096930e-02 1.582242976421740721e+00
3.149582022810765158e-01 1.415227447438232311e-01 1.008935208110689929e+00 2.246105275554013403e+00
1.019016284003443573e+00 -4.618389825533209536e-01 1.099282161116794887e+00 2.263146237836989982e+00
1.907281168633738533e+00 -8.974428908450642339e-01 1.311223767692892395e+00 2.756715434322116742e-01
-1.303379778742474349e+00 -6.390129218252669219e-01 -7.257278013688438223e-02 4.995730794555353071e+00
8.188445075879114965e-01 -3.329443062177517842e-01 8.352189634757236636e-01 2.488244557367004450e+00
-2.006414134027174168e+00 -3.367728463232175784e-01 -4.185399566196430776e-02 5.296655640208142835e+00
1.351201149973785931e+00 1.091259129987864757e-01 8.219529655981348826e-02 8.322952795164236806e-01
-9.505284906281305513e-02 2.040653396411697684e-01 -9.049312898724779508e-01 2.019772263735902573e+00
1.625218990524319729e+00 3.053307706941426614e-01 2.357096775676587319e-01 1.567071449043908160e+00
-2.042168766511137434e+00 -3.232704725363940157e-01 -8.832617391954291630e-01 5.690208044230341322e+00
8.028690099082070875e-01 -4.106521227034017341e-01 8.053864660986019830e-01 2.470557176848401593e+00
-1.632038049612325459e+00 6.586126024178874661e-02 -5.138186225084184766e-01 4.613335048518865555e+00
-9.417238248068385831e-01 -1.203504414050899501e-01 3.700645723088824557e-02 3.803829861344554697e+00
-9.374878112098309346e-01 -8.642682585286859398e-02 -1.025647272372493118e-01 3.838372417926006364e+00
-1.475954627672260822e+00 -9.061464410500318090e-02 -1.042480406804534354e+00 5.076457401118824819e+00
-2.123663497320169125e+00 -4.353012191071687839e-03 -1.261895263910789211e+00 5.663638858466518933e+00
-2.696986661507356331e+00 7.222258679074201881e-02 -4.184663319902695022e-01 5.762319108013954860e+00
-2.692124294049400568e+00 1.300935353195680488e-01 -3.792995621216055935e-01 5.672005613728665629e+00
2.117443504511562491e-01 5.428413773107703122e-01 -1.116555808831498853e+00 3.242060090523615212e+00
5.960553134879060799e-01 -2.335925963642300485e-01 1.541108647144620702e+00 2.166821595472787632e+00
-2.887325496361152766e+00 -9.987742037822827657e-02 -2.634537872485332444e-01 6.022045586981072063e+00
-2.547159668802434496e+00 -1.907799829430854854e-01 -7.000128859369529888e-01 5.986599102981733367e+00
-2.314957421451713238e+00 -3.706535538984396250e-01 -8.217101420842095605e-01 6.014586719752680999e+00
1.347347037119714042e+00 2.073314710837986796e-01 4.039833998021857830e-01 2.012378503692604070e+00
4.203949791940230774e-01 -4.532576422324998133e-01 2.166732405818618812e+00 2.147837898396756540e+00
-2.164963737902620533e+00 -5.231191371855675731e-01 -1.492399245367205529e-01 5.583295700350456414e+00
6.256367426900739659e-01 5.986477032582425695e-01 8.760556604050948604e-01 1.900048531252848116e+00
-2.140152671595591194e+00 -4.305809256757576198e-01 -3.599683531619835564e-01 5.652821572494069358e+00
1.876989290563699786e+00 3.306145808521415708e-01 1.309736873103480193e+00 6.014210787484499665e-01
1.463065611303346447e+00 -5.939327188514997857e-01 2.023609435839961446e+00 1.219366239454531264e+00
2.793016148301616930e+00 2.921673388100985425e-01 -3.838131889232409000e-01 1.862867828869291809e-01
-9.700224561752319730e-01 -6.513311368010021862e-01 -1.346438460623516353e-01 4.045151948143073106e+00
-2.324438709456921437e+00 -4.970945284364127748e-01 -3.851679210524266289e-02 5.633195273489206123e+00
-2.274444488886115057e+00 -1.911264916266214031e-01 -1.516088944752952139e-01 5.428373287351504928e+00
-6.372926448100307839e-01 -6.819098538386491049e-01 4.523316658902184484e-01 3.734548203042848069e+00
1.098362684509033960e+00 -2.168815803947850840e-01 1.051345532804691008e+00 1.295876718433110142e+00
6.503487312706293100e-01 -9.245062438121880444e-01 9.693198075214853882e-01 2.045866201620607061e+00
-1.067903670921477310e+00 4.413602441188683723e-01 5.024847371564776566e+00 1.056069091991606923e+00
3.699074929762586894e-01 3.177798545905787364e+00 9.582082100943029035e-01 -7.460485985361891004e-01
-8.950550290010130805e-01 3.086123657568531908e-01 3.990458286021171030e+00 5.475888451161857740e-01
1.702078418950101257e+00 -6.142940495679966029e-01 -4.999152186157190814e-01 2.363340042675581287e+00
1.716048506980133892e+00 -6.229271762133062884e-01 -5.058505656934615402e-01 2.361340739760233287e+00
-7.314975853387762905e-01 -3.465586715364354364e-01 6.665477984885045615e+00 9.128662798674194168e-01
-1.082937286884741029e-01 2.040665064731665701e-01 5.616556745614114554e+00 4.760462138086442585e-01
-3.821525009532295014e-01 -6.921497278007718301e-02 6.821445280623938956e+00 3.455322025501761929e-01
1.990685300110202505e+00 6.072793662339666110e-01 -8.182614743225763432e-01 8.428479216640707428e-01
-3.086870968146817051e-01 3.866048619140685094e+00 -2.263981124796037581e-01 -6.120400861655975883e-02
-1.202247902996723267e-02 -3.165312536699764201e-01 6.508018453143968429e+00 3.418376836922292217e-01
-2.098945907693809398e-01 -8.725978456222088439e-03 5.535826723777428349e+00 6.796687292683889492e-01
9.096640474074484395e-01 -1.974248557194135667e-01 6.309763838102655065e+00 -4.962050914881999675e-01
8.954671119958825809e-01 -2.530152506673561397e-01 6.345308586602274481e+00 -4.341631620307779826e-01
-1.069099343998096557e-01 2.859111306223278137e-01 7.347863192538435229e+00 -3.409063893308239557e-01
8.954779562322413566e-01 -2.512466337983567666e-01 6.347223029712036002e+00 -4.368376735295979585e-01
-4.091883361441730482e-01 -2.443632383761410176e-01 5.667763961019968377e+00 9.764820094698488662e-01
-4.651195609518241070e-01 -2.434579705294866447e-01 5.683413125259439980e+00 1.013007607339389216e+00
2.814249649398738451e-01 2.885252490396198466e-01 5.833829436189936324e+00 9.139738420924279488e-03
-1.766506416859110473e-01 -1.758910006337918025e-02 6.738837870418012521e+00 3.214622750673891138e-01
-5.025489867938603972e-01 1.649401303711682532e-01 6.605456747393770200e+00 4.646633210272766989e-01
-4.304738440480853634e-01 9.350871757523911976e-01 -2.565586471919936717e-01 2.674026953766122983e+00
-1.625309342674981505e-01 -4.457793753846929219e-01 3.477552833712965974e+00 2.056545819040153766e+00
1.056106872104005806e-01 1.289832327674088841e+00 9.306026174668141637e-02 1.621543181020960844e+00
-3.041110668415799578e-01 1.699955533648091155e+00 -6.288726687041450436e-01 2.012830188315735569e+00
-1.157314192975111566e-01 2.750092577072802968e-01 7.420218800471304554e+00 -3.596844539257731399e-01
-2.654937976146420353e-01 1.083978820480686167e+00 2.339569773754396620e-01 2.150258436959293196e+00
-7.252900377717000913e-01 -7.674207743280210547e-02 7.311464028796116565e+00 3.408018261219025735e-01
-4.476221256123527059e-01 -2.134727748819522375e-01 5.451862709615559410e+00 8.704433456449076623e-01
-7.351746107789709495e-01 -6.429320839579133473e-02 7.291333874757035538e+00 3.469688637838530543e-01
-2.080417897289405793e-01 1.479923962040566865e+00 5.800021738367115987e-01 1.624707869586141884e+00
1.115835906498098273e+00 1.395039503970529671e+00 7.388117642820444253e-01 8.435616118878146441e-01
-7.338689514709160200e-01 -6.483396705896481149e-02 7.284978409592217652e+00 3.479838742688407538e-01
-3.623934333743197289e-01 1.704159392725088429e+00 -3.359873386704725906e-01 1.986965338242181911e+00
2.112240804662003146e+00 2.443689910690204636e-01 -1.549159797357596791e+00 2.087480048052978709e+00
-5.637670764003701596e-01 -1.775292564443969046e-01 6.319779935030236828e+00 7.415542391903457986e-01
2.114640412649581247e+00 2.355969970866235164e-01 -1.599340661896484050e+00 2.117298051043734475e+00
-4.444515130861088070e-01 -2.111062497125845983e-01 7.182747961688336957e+00 2.501253496035371615e-01
-7.268783579355455604e-01 -7.655936646603733742e-02 7.311361472575168996e+00 3.424808069290996571e-01
-2.216294018649898889e-01 3.832543613564318163e-01 7.959426710184124509e+00 -6.059288390035031391e-01
-4.225474632990688373e-01 2.171463679400581215e-01 7.826824247150432790e+00 -2.036817527343756651e-01
4.926656825260889994e-01 3.131908946795151638e-01 6.561345601991519949e+00 -4.637370823038138856e-01
-1.709465017367513551e-01 3.762808542886173502e-01 6.905004899797132722e+00 -1.533709719760857071e-01
1.180574995458324172e-01 2.575203710310784988e-01 7.853222247594557892e+00 -7.663112133356748679e-01
4.106639023470951000e-02 3.630520380996971053e-01 7.580918362863051208e+00 -7.277992687715589826e-01
1.527522996834065894e-01 3.868802977860136827e-01 7.015076239074646836e+00 -4.784148652022560677e-01
1.382115826907026890e-01 2.724011178480693629e-01 5.804963100084073346e+00 6.874574838717366354e-02
-1.774426271917273201e-01 2.660090872593804390e-01 7.510633721376572147e+00 -3.106153364068095502e-01
1.168592769351760735e-01 2.604296630926691836e-01 7.840404605510930658e+00 -7.634029323095243846e-01
1.322033803727628853e-01 3.771629017657476268e-01 7.077033187474419229e+00 -4.836933811316665999e-01
-4.572611399528987985e-01 2.915423549557867866e-01 5.714231448227118371e+00 5.966739699280674269e-01
-4.581889204113919201e-01 4.723113339639879449e-01 7.689903495934223621e+00 -3.611475996283854961e-01
-4.755828707061678928e-01 -1.663796260056848997e-01 6.320027009519877836e+00 4.261218503329199936e-01
1.245050161118252258e-01 2.676108925289585883e-01 7.814034613448651356e+00 -7.691028420393282161e-01
1.186588150455181623e+00 -5.204647837407898603e-01 5.864327904583678475e+00 -1.571546833123179665e-01
-5.112025890292687391e-01 3.874123528013840856e-01 7.038091989655652192e+00 -1.393995627746563160e-01
2.845864270065613932e-01 -6.251652750431530015e-02 6.127154977570326011e+00 -9.253497118396192267e-02
-2.112048805639829274e-01 3.091016329604379109e-01 7.557262942961563645e+00 -3.486384475199331145e-01
-2.922928284647249852e-01 2.834869674345523283e+00 5.356495881691777233e-02 8.739787472958027159e-01
3.330100121377942979e-01 -3.903734505790581455e-01 7.254660485840452644e+00 -1.018449559060992105e-01
5.819564319607011676e-02 1.886017077200478509e+00 -5.599002921886629958e-01 1.541438753360028446e+00
2.139922531039607279e+00 6.814897486257958104e-01 -5.491868158814408041e-01 1.051113410345394295e+00
-1.193006431802804551e-02 1.626372512490129818e+00 -1.794729168024253030e-01 1.637498462810543787e+00
-4.000512416262664295e-01 -4.303705619013134531e-02 6.838744160325564536e+00 5.197854584431420566e-01
-9.925919981089294242e-02 3.912228503250887446e+00 -6.684602744502445848e-01 5.076775898612586463e-02
2.145042182123858554e-01 1.758609747459288997e+00 -2.846749354923135411e-01 1.368804873768805441e+00
2.157196938885271198e+00 8.175134505290975184e-01 8.589925151787194957e-02 6.051860423994790406e-01
-4.418436675622183785e-01 4.450772220202522944e-02 6.661087620025053724e+00 2.783077259283017746e-01
3.433286934365174792e-02 -1.117478997123279583e-01 5.690776673012588383e+00 6.350905952944437827e-01
1.965614300649082047e+00 5.619095019319150230e-01 -1.964863353341153862e-01 1.082319395063977341e+00
1.156327779795322197e+00 -5.105751629168825412e-01 5.889787620503713406e+00 -1.544486539117098656e-01
7.339422145029030897e-01 2.890571050550953203e+00 1.665579316845450686e+00 -8.345528836435506248e-01
2.266265472549657378e+00 1.536856363913749801e+00 2.830559640844572677e-01 -3.670104078341820397e-01
2.098912357849091581e+00 8.324789038773546812e-01 -1.723337613255518486e+00 1.568566383940311004e+00
2.829645310613838061e-01 -3.431338484367021935e-01 7.623028198017981261e+00 -4.072286100402618958e-01
9.264617707835409721e-01 3.017943646931387836e+00 1.168089007936260471e+00 -8.604285632146088103e-01
4.323974351864828813e-01 -3.598793924300244251e-01 7.526931863796615829e+00 -5.871692981266393163e-01
3.224934014979988217e-01 1.345767773786490651e-01 4.500069230361765094e+00 9.468995305050188493e-01
-7.056646448431430629e-02 -2.833303667948294247e-01 6.564011163563615803e+00 2.718385922359509155e-01
1.353968590604167632e+00 1.090795715079629025e+00 -3.821816022289953318e-01 8.731932605424634897e-01
9.663666179047072369e-01 -3.186886720571494580e-01 -4.310268507629581025e-01 2.226000929158555852e+00
2.109060835309780890e-01 3.378279427374177413e+00 2.598094628639973092e-01 -7.240554292510517631e-02
-3.046162530441126615e-01 3.822856297595629282e+00 -7.533652547369523722e-02 8.184501182251591178e-02
9.173104272960526384e-02 2.409999350883668123e-01 7.543499281094189435e+00 -6.404908272742959596e-01
3.175511265883566581e-01 3.109391320666867298e+00 5.651298996072441350e-01 -1.448704064005382763e-01
3.965828534305227415e-01 -1.438386149968769456e-01 7.246589193738762091e+00 -6.064576402824387591e-01
4.158143169279164830e-01 -1.640860165542367688e-01 7.265168760582324303e+00 -6.144549379122211663e-01
-2.876881054290468254e-01 3.900948685089597134e+00 -5.172949611681854770e-02 -4.159586601720469817e-02
4.001596242634536948e-01 -1.494695870731224119e-01 7.248354605942937567e+00 -6.045381089208367031e-01
1.774881151388848721e+00 7.551815301630817601e-01 -7.325458467911657445e-01 1.176097807141859741e+00
-3.694792473791768117e-01 4.025992093681746375e+00 -2.533727701924889386e-01 8.163197391093267655e-03
8.878527034350149894e-01 -3.225418924806290333e-01 5.440369001473388977e+00 1.437694197696873510e-01
-8.232894945779879736e-02 3.464051911345284562e+00 -1.580157295725443667e-01 3.384758693420185094e-01
2.583277823468458356e-01 1.716233825178668404e+00 1.440419383260951980e+00 1.640600355744208094e-01
-7.158364353777052491e-02 3.491019163467360631e+00 -2.702746857703992034e-01 3.584307094900126556e-01
3.344808396112163851e-01 2.256879727352371356e-01 -2.500406819209143733e-02 1.907468808411823202e+00
3.726852844440253221e-01 3.084964501932422554e+00 6.319550478279437611e-01 -1.961150958066225081e-01
2.127561965182930948e+00 1.400135080599718973e-01 2.552054370651816173e-01 1.103786040141617519e+00
9.454703907586908471e-03 2.430622946559973518e-01 7.076879562834304416e+00 -3.513837577659052469e-01
-3.087936381856916102e-01 3.543522054645380059e+00 -4.843674463464569535e-01 5.796595563927110506e-01
2.910080096451503340e-01 -1.902777037451304498e-01 7.405109101146080341e+00 -5.548393624873330099e-01
-8.098690749491990748e-02 4.569267024946899181e-02 6.024712845635267655e+00 1.237930830695548566e-02
1.588387386646998578e-01 -4.286746618830561406e-01 6.662848933489037506e+00 1.433155627028684376e-01
2.867429914853281692e-01 -1.974352201986399324e-01 7.520101344821185307e+00 -6.055743149454750895e-01
1.338344104078214247e+00 6.484767524861384524e-01 -6.131735354437888308e-01 1.459573586080599172e+00
-4.198274176558758897e-01 2.541318335669535133e-01 5.639380489103581695e+00 7.708214755000745155e-01
3.913791458683918423e-01 2.604036367550128350e+00 5.831873781405929602e-01 4.562096693904744149e-01
-2.535706666458859004e-01 1.661223207875016206e+00 3.076993648104800472e-01 1.853562575187655437e+00
3.284162151138741992e-01 -2.103564157085565378e-01 7.470504960889146950e+00 -6.130433480076586950e-01
2.818206628066016739e-01 -1.912895043562845843e-01 7.514186496198323795e+00 -6.009671687764385206e-01
3.465515466499088232e-02 -3.007092484621708486e-02 7.832064142549278074e+00 -4.265086418893370146e-01
3.656971624117070774e-01 2.613536150020038473e+00 5.859755183132170364e-01 4.746959184626663997e-01
4.043381529434792454e-01 -1.519611339525526461e-01 7.266955791455862013e+00 -6.164204250571577726e-01
-3.343201098846147468e-01 3.606923050268009412e+00 -1.859792236432006862e-01 3.447129072541735284e-01
2.008975103869821588e+00 4.674700093678822999e-01 1.286877332476646894e-02 1.042596509596416920e+00
2.004811619739711670e+00 4.632504458790401292e-01 1.634835092567703957e-02 1.047290904029871905e+00
5.176159730594007691e-01 3.041782255023317116e+00 -7.688101672196100134e-02 3.671538516947496500e-02
1.996632751062711320e+00 3.466930753961030010e-01 -2.520299082820772751e-01 1.299933460122809636e+00
-4.010637029902703876e-01 3.145993811861575118e+00 1.937773861280786547e-01 7.073074995790030739e-01
2.759685680735641800e-01 1.633660512827159961e+00 1.652046555242797865e+00 1.332653802003911925e-01
-1.742807182156284052e-01 3.649423598804069968e+00 -8.922079583519136603e-02 1.959809402824418956e-01
1.971893614471769585e+00 3.766932255431309495e-01 -2.888710544238590194e-01 1.307040042469025609e+00
5.855486965133406274e-01 1.465034765697779795e+00 3.584800523375449188e+00 -1.743413250201875375e-01
9.856871979593164745e-01 6.747812412723167563e-01 7.290997473409199792e-01 1.314839396772992552e+00
-1.745699352910973501e-01 3.725703578912160641e+00 4.042217079850757844e-01 -1.562617884109328004e-01
1.142439960451042680e+00 1.446388588714410117e+00 9.049934343836002482e-01 6.676391430944821348e-01
-9.428800459007535828e-02 4.433395187516874641e-02 5.980388005042601485e+00 4.925280781900906457e-02
2.305248390182463414e+00 5.260522250953538759e-01 -1.453905408901890350e+00 1.551646606617399060e+00
1.244825737530772303e+00 1.378395508062256081e+00 7.681723497307186843e-01 6.781365349405150678e-01
-5.223255790603965609e-01 2.741139534002307587e-01 8.218778558865004413e+00 -4.531616627641174011e-01
2.509201077338430785e+00 1.395679706258475372e+00 -4.980774739479260638e-01 -2.933437585607350240e-01
2.224774323236647020e-02 3.108938075806846335e+00 -8.710746001247250681e-02 4.343569300869098981e-01
-2.188136979473032651e-01 3.127784221940953735e+00 8.399123003402588772e-01 7.999548931821429121e-02
1.242721896904538603e+00 1.403453061934570867e+00 9.500488504025110803e-01 6.039919706160145063e-01
1.870123137894485366e+00 1.531997072672075744e+00 1.838164030735665033e+00 -6.081256917272518381e-01
2.538589000911611215e+00 1.779789576395626738e-01 5.111011691096258719e-02 7.329734605017961258e-01
1.090125585570778988e+00 1.461625135496912309e+00 8.511757024182394771e-01 7.327980693315429006e-01
1.560999672656291581e+00 1.276546989804751453e+00 1.280606749494591412e+00 2.049816163292812188e-01
4.763627452710151866e-01 -2.095371274336699230e-01 4.219196375623509354e+00 7.612188334448584115e-01
1.108624163494299264e+00 1.596114416025930849e+00 2.223205117803869424e+00 -2.247896330646310947e-01
-2.644753149369340472e-01 3.683356154449843878e+00 -3.369951785726881810e-01 1.920425748269731225e-01
-9.777604484838224586e-02 3.790628951904879695e+00 -2.539974789618855699e-01 -6.385043793947167701e-02
2.159682111958209028e+00 8.693161929497998930e-01 -1.646919989835882614e+00 1.309102879451849999e+00
-8.426961157256622481e-02 3.598771673119060210e+00 -1.554386300198136173e-01 2.304915322125669977e-02
-3.679964513923146829e-01 3.820388788451531514e+00 8.788780539074474152e-02 -7.638073784534055340e-03
-8.802293533745693122e-01 4.388480957492932322e-01 5.487577701187241530e+00 9.858068601445919565e-01
-5.230414036025946706e-02 1.175771567064696176e-02 6.090973765191369793e+00 -1.112717852830155153e-02
-6.370906916033081124e-02 3.117569085508716323e-02 6.061209192010815983e+00 -9.496660323165678763e-03
-8.050433160576890568e-02 3.661512999419958891e+00 -5.259542801744978568e-01 1.762478263527372524e-01
-1.098068079468248470e-01 3.722010586481309335e+00 4.298453335909042244e-02 -1.611909861891655249e-01
1.236360853347879374e+00 4.334332201249951888e-01 3.671175789114824894e+00 -2.503473120051348880e-02
-6.048522562668066094e-01 3.860356024444185241e+00 3.082105897384973536e-01 4.166521495885618792e-02
-4.435907362039420709e-01 3.612319901074140027e+00 -7.397723526459869525e-01 7.423261563001691821e-01
-3.172488728376829381e-01 3.665790274314450592e+00 -1.788744214279262834e-01 2.187729958792419827e-01
1.240503051481826047e+00 1.396313160562685063e+00 3.283580840833034031e+00 -7.831518901621581374e-01
-8.132456321449949010e-02 3.661341362127805699e+00 -5.234608937244833449e-01 1.742510257642675420e-01
1.474075382050495042e+00 1.444037056836062538e+00 2.154835323888023790e+00 -4.500420390621672206e-01
-2.239943455071060907e-01 3.642248631258265146e+00 1.707280207926083204e-01 -2.275329509140188930e-02
1.242290984942823417e+00 5.215576524311732465e-01 3.619275984193358053e-01 1.547581063811819257e+00
1.756211190924350296e+00 2.972478331704745957e-01 -6.717922565700353843e-01 1.704142393261864674e+00
2.207374474446978763e+00 6.580894110528192620e-01 -1.857929777109033065e+00 1.694737851772782689e+00
-3.218880298715827704e-01 4.195071615869114368e+00 -2.750463827751545298e-01 -2.345394236569965096e-01
2.487837040993229887e-01 2.719878074587335881e+00 5.361799250325620658e-01 4.865098916473735713e-01
3.650830881614625101e-01 2.643168561206283407e+00 5.692499780297159973e-01 4.573126652886022603e-01
-8.557434307492089998e-02 3.930212631411881929e+00 -2.127096457460580514e-01 -1.107426502582870426e-01
1.542845415038206491e-01 3.921423131779403271e+00 -3.629270825496752617e-01 -3.132917482452948765e-01
2.562446100622727818e-01 2.709514925866278290e+00 5.762031895514881930e-01 4.708555251606160730e-01
1.941277042530615615e+00 7.025384681670376885e-01 -2.295487209672429696e+00 2.092112666495763218e+00
-9.858918844703061513e-02 3.897999065541838171e+00 -7.996198348298913516e-02 -1.331849719788522901e-01
1.246429212852503854e+00 1.566841972179608300e+00 -4.243236429386877395e-01 1.138643803879760608e+00
1.112407479091167412e-01 3.930694438602567953e+00 -3.528942521954744893e-01 -2.877308660893439507e-01
1.717304114339123222e+00 6.745247435222302412e-01 -8.980115145077178784e-01 1.715843244195212058e+00
-8.561775668375241899e-02 3.931393723649726279e+00 -2.121628181910700794e-01 -1.109149711143867373e-01
1.087186579946695653e-01 3.928921631103771794e+00 -3.697800213122772184e-01 -2.731277897995291748e-01
2.302625222742253897e+00 6.580101754426085359e-01 -1.114637175021928828e+00 1.134679528147143124e+00
-9.784629717535722748e-02 3.897019682896936121e+00 -7.796013848572962146e-02 -1.337904450332303152e-01
-3.677261293435093448e-01 3.897410808470994859e+00 -5.699542731225760717e-01 2.675116795162778005e-01
-1.333345820907633206e-01 3.848487747149117677e+00 -7.751968927617797211e-02 -2.280249490912448496e-01
8.330747058235402069e-02 3.841043012681081947e+00 -6.224964791884850523e-01 -4.688568479326019056e-02
1.078886764715861757e+00 2.138308566684541390e+00 -3.063406777857083929e-01 3.111463111465309073e-01
-3.101146544622820911e-01 4.195828925953736466e+00 -2.596218040351832013e-01 -2.521056512679862305e-01
-1.709545232538640658e-01 -4.574228050089317876e-01 3.475852032978326012e+00 2.068352696475118879e+00
1.327868971562149725e-01 3.745860614114288278e+00 6.400356083966706189e-01 -6.615784331443518296e-01
2.102941767144416829e+00 4.290739229002409894e-01 -1.884379998789011301e+00 2.097231242757563674e+00
-2.606649328794526377e-01 4.135889183111848943e+00 -9.800829177695898065e-02 -2.407623307627148324e-01
2.164548001725647985e+00 5.580503379789372165e-01 -2.064679239020921209e+00 2.013763870049602112e+00
3.469064404612999475e+00 2.530751947593450346e-01 -7.778655804014924513e-01 1.361147419500804423e-01
2.266218614212066607e-01 1.368155099565072641e+00 2.835645493600934541e-01 1.409977098204420409e+00
-3.586725556641566226e-01 1.417417042545254524e-01 7.708415980241227317e+00 -1.657087993864871101e-01
3.559310555151507516e-01 9.585844040364062124e-01 -1.116317004252210365e+00 2.651083248334409337e+00
2.328894530652485084e+00 2.916941035309578711e-01 6.434828071773383007e-01 5.389175283935523364e-01
1.928697134515390266e+00 8.465114081335871621e-01 -2.331459997088601632e+00 2.015656349958084625e+00
3.374841617323070864e+00 5.749256539962750712e-02 -1.318708204748897161e+00 6.721558726464642586e-01
8.941828676899591377e-01 1.914110333347235127e+00 1.424847863873784704e+00 1.774671230900803365e-01
1.710877879174911742e+00 4.669838161540291743e-01 -1.147604507316317246e+00 1.899564590813617615e+00
-2.881663285421458554e-01 3.691363450686262926e+00 7.208815962775183550e-01 -2.151816373247589231e-01
2.441038177710235235e+00 7.386112390317842724e-01 -1.661223835335039256e+00 1.424924272157973570e+00
-4.837857424509143384e-02 2.954264234032948355e+00 4.389860501787801184e-01 4.193685514984855089e-01
1.411842948596319924e-01 3.780477669091090398e+00 4.969015840921490734e-01 -6.296377718208779894e-01
1.037726688518431972e+00 -4.897893878506778265e-01 8.301186045708474071e-01 2.264782153912762386e+00
1.249939379359196856e+00 8.336491294539890573e-01 -2.203225341853446650e+00 2.522175588968767812e+00
-2.560988389577814606e-01 4.129992755142148475e+00 -8.637856198519756890e-02 -2.432221078917987112e-01
1.521557737695592882e+00 8.788081649076773250e-01 -1.205813134031949563e+00 1.758950693825033884e+00
-2.932139412599210973e-02 3.941892563039366859e+00 3.737688511067079888e-01 -5.324654873023899615e-01
-1.623536526526643264e-01 3.896130553590730017e+00 -4.101255529634977859e-01 -2.132493496476167982e-01
2.095213380189380192e+00 7.608114789384825549e-01 -1.405344131065211943e+00 1.540952298321691893e+00
1.255536694672495512e-01 3.735617585325988088e+00 6.946348093258369882e-01 -6.818438965383877282e-01
-3.560836330849598275e-01 4.051539008621015903e+00 3.015268002092759692e-01 -3.155200096932006537e-01
-1.683659422030983621e-01 3.909947299417825484e+00 2.928247166740157725e-01 -3.695365056585555030e-01
2.088071182342970289e+00 8.710628603004758608e-01 -2.290228577284664002e+00 1.852178527234410899e+00
-2.070817828362950530e-01 4.042033327166537404e+00 -3.757456596250404596e-02 -2.329017880399358864e-01
-2.982916715748161196e-01 4.140947953771763501e+00 -1.198529286112553494e-01 -2.023504740013656322e-01
-2.898644541068304825e-01 4.134377952119734800e+00 -8.558762656641764888e-02 -2.196508425016805710e-01
-2.979352039308451605e-01 4.110129805571468786e+00 -9.883859247090091490e-03 -2.383432837241523106e-01
-2.837797539613416409e-01 3.981193368989752290e+00 1.859685971800002779e-01 -2.013176994097474748e-01
-1.519902584101472665e-01 3.962568288879683820e+00 -6.008093236652402025e-01 1.292048110493770018e-02
-2.918819832433378059e-01 4.135566260041464659e+00 -8.498063901716677859e-02 -2.190560647227211000e-01
1.619971272214715707e+00 7.698723177220817560e-01 -1.570014247080429248e+00 2.080977430571807840e+00
-3.733151779294917594e-01 4.139367644713852101e+00 -6.997712628831817550e-02 -1.740979150161832967e-01
-2.941291538386768267e-01 4.141666018756653855e+00 -1.157617020716512207e-01 -2.074126711380624988e-01
1.894938254304797898e+00 3.259013263655292092e-01 -8.903794647144808172e-01 1.661687018863218457e+00
8.731957184675640526e-01 2.061659913592168714e+00 -7.748938704501494579e-01 7.654444903223827090e-01
-4.053798243226441889e-01 4.186861094679692030e+00 -1.490201586453551719e-01 -1.460606116753737360e-01
-1.690996540524817016e-01 3.749685053613814212e+00 6.185998750722588868e-01 -3.202233415331561805e-01
-2.886354344745121203e-01 4.133700007575498603e+00 -8.276950825721952898e-02 -2.199017757549156238e-01
-1.521718410532532373e-01 3.924689077029746898e+00 -5.878889773492242954e-01 4.919821794832739820e-02
1.920975168795576282e+00 5.211321841706355595e-01 -1.512604664304489477e+00 2.002774917693587842e+00
1.762698568022606604e+00 6.750644911242803525e-01 -1.559575636851392666e+00 1.947395745631316233e+00
-2.686618977038955358e-01 4.116034982393106390e+00 -1.230085382335401739e-01 -2.046131755580722356e-01
-2.876228047555076106e-01 4.132683457616336931e+00 -8.305470103279788407e-02 -2.199296445728366745e-01
-3.802219113707382969e-01 4.105815980236392271e+00 7.662984030243506772e-02 -2.068385696843834110e-01
-2.992014610159240973e-01 3.984267504254040748e+00 1.706225318726161122e-01 -1.795366118352839657e-01
9.143830844083046250e-01 2.999096514535593005e+00 1.170465024367276508e+00 -8.488124983281876146e-01
1.797852813165946362e+00 -1.154647228706798673e-01 1.006930332700138875e+00 1.206599662538909046e+00
-2.976065500367311434e-01 4.143240471153222693e+00 -1.248958732607248906e-01 -2.013529658364495434e-01
-1.944152866745424424e-01 3.969621591338023503e+00 -5.184890739347908228e-01 9.104707762049619665e-03
-3.543168042974269988e-02 3.101746191054524093e+00 3.851354538866765820e-01 2.889981757771645232e-01
-1.656555379666543315e-01 4.089121070443232142e+00 1.114978954396451168e-03 -3.323108506212251179e-01
-3.779919886378996230e-01 4.142908626444413045e+00 -7.396693324571715356e-02 -1.705355901044474654e-01
1.766476105812354813e+00 7.165199575459775261e-01 -1.405165001347220111e+00 1.925915711756326809e+00
2.011698576681214767e+00 6.965063347354795154e-01 -1.705142667794503408e+00 1.851546332419864216e+00
-2.431010096308195700e-01 4.122948173568482311e+00 -1.014843737209098207e-01 -2.462070570641750611e-01
-3.047334532528302442e-01 3.980063761783373177e+00 1.448474310183567038e-01 -1.566278211968331890e-01
-3.071228104631521516e-01 4.137202209230030014e+00 -1.421626997310561635e-01 -1.765772427691106039e-01
-2.998858787807629489e-01 4.136380342305463920e+00 -1.183219909237067241e-01 -1.976014880021629005e-01
2.056691774365585701e+00 8.993157019421149645e-01 -1.292500466149521632e+00 1.391827638049192073e+00
-5.729319277500042329e-01 3.849224477764578101e+00 -1.636553657729026279e-01 2.345494050685365262e-01
-1.589641770663772768e-01 3.739802738802616044e+00 6.181418873883340881e-01 -3.202774979572990954e-01
-9.779124098363697892e-02 4.086238145183029857e+00 3.629929396033484967e-01 -6.164426148261904492e-01
1.400858741105315552e-01 3.735007335078082136e+00 -6.723705349416307930e-01 -1.976841223006952086e-01
-3.554487490953421869e-01 3.425490946694280670e+00 -2.388127255669326640e-02 4.865244425505864112e-01
-2.833336623092813089e-01 4.148853027448847541e+00 1.093548598493849638e-01 -4.081052956418218525e-01
-4.579705613849849866e-01 3.632594124058282858e+00 3.424037100370568298e-01 2.146622384914431414e-01
-7.842690195224286120e-02 3.727263991734584003e+00 -4.814749449232162970e-01 7.867399337023975314e-02
-8.311598167876112220e-02 3.619093013655806601e+00 6.197325804071359689e-01 -3.397775515594084750e-01
-1.793568467200516367e-02 4.052880942911753159e+00 -1.251416321436778917e-02 -4.701633968153335341e-01
-3.207754706383095233e-01 3.317613899859487514e+00 7.240572227905912595e-01 -1.055983947842124848e-01
-3.035319513693680027e-01 4.136878520445973706e+00 -1.185113020199318051e-01 -1.939214691127624790e-01
-3.350319873123718262e-01 4.130334449144378972e+00 -1.480785166331710090e-01 -1.559575248359402200e-01
1.700448060499351488e+00 4.912542235429583348e-01 -9.080886876967239063e-01 1.813681714369723474e+00
-3.592028270562422354e-01 4.067372777772170878e+00 -2.520409021174340736e-01 -8.619965809545634960e-02
9.636402587697356914e-02 3.835947175407425913e+00 -1.839503214548853516e-01 -4.531402405430449143e-01
-2.857488344140844405e-01 4.110829143970920363e+00 -1.623377292739499045e-01 -1.804440855409905897e-01
-5.227870402145197437e-02 3.694424266609505736e+00 -3.796738446706872661e-01 9.385119108136935617e-02
3.574102471421912508e+00 1.487126578677639699e-01 -9.919779636599290740e-01 2.598296215404166665e-01
-2.076957686691613125e-01 3.797335476975637114e+00 6.405242680422993384e-01 -3.484174154073486074e-01
3.373527695119699771e-02 3.853541204277111110e+00 -2.517373066442102000e-02 -3.260284094262844712e-01
-2.462551650133293704e-02 4.055908095063657903e+00 4.384069268255272322e-01 -6.838696722704786790e-01
-7.394204802965651142e-03 4.039445237735040273e+00 4.705356203648425883e-01 -7.067584660989226775e-01
-4.365959528349167701e-02 4.064987796074634119e+00 3.902152848937383567e-01 -6.551132268491034472e-01
-1.470907294068148075e-01 4.096467464286067006e+00 3.407009229472903189e-01 -5.711861500476862474e-01
-3.773846347372514232e-02 4.055489875301549141e+00 4.182395147775466171e-01 -6.644025690985249089e-01
-1.364228480859490666e-01 3.534025157245635818e+00 -6.506551901055096510e-01 4.354097104994827938e-01
2.375197027225038095e-03 3.067813143313902202e+00 3.269545232163051374e-02 4.104883568232313706e-01
2.964581743264492530e+00 2.237990735466721948e-01 -1.238624675836098588e+00 5.992321019882518307e-01
-1.313113305339628500e-01 4.098646691030921829e+00 3.749238285544680971e-01 -6.053574451583932925e-01
9.679691874287993381e-01 1.653275823209756856e+00 1.495349933893483474e+00 1.062356762057991566e-01
-2.748981262787228430e-01 3.803794022106899764e+00 -3.835001553160973797e-01 1.541366815998700679e-01
-2.998606393472090861e-02 4.050084903203122089e+00 3.964411892927811598e-01 -6.522743721482068269e-01
-1.984065630970389682e-01 2.877426685532637141e+00 6.262715996439982558e-01 5.293149291782696109e-01
1.673357011905771907e+00 9.136182923949738299e-01 -1.199521961449071972e+00 1.470185477269620788e+00
-3.958077677567761188e-01 4.094205420660068206e+00 1.636262270415400621e-02 -2.565316720522186622e-01
-3.790332133520235014e-01 3.179834899738553489e+00 6.096691325306642373e-01 3.755903070469537863e-01
-1.014465833993277444e-01 4.084258594167040179e+00 3.776204941329948661e-01 -6.201215317044576070e-01
-1.674295492317358636e-01 3.698521108517526468e+00 5.268061134212504992e-01 -2.726479612709840072e-01
-1.447933676508409984e-01 4.096552302810096968e+00 3.234736999577886296e-01 -5.655635360794692978e-01
-1.408184884852910490e-01 4.154395533909881699e+00 -1.222234111197171014e-01 -3.965217868510137467e-01
1.644447134174839897e+00 9.950508755398033145e-01 -7.804171231962106492e-02 1.043533404013523569e+00
-1.287313475307595989e-01 4.088512813669260559e+00 3.393263629876807075e-01 -5.785611614844755612e-01
-3.485119219276269775e-01 3.966445094902253388e+00 -6.880307979146794706e-01 1.908274107059405589e-01
-2.621675433883313699e-01 3.113929925526462306e+00 6.806110858314787793e-01 2.966934480446730693e-01
-4.612246432220106218e-01 3.667423424775877905e+00 4.085563223453760329e-01 1.524754160506641698e-01
-1.044552600103819395e-01 3.763393486129894328e+00 1.383889731730340855e-01 -2.589035428206810097e-01
-3.158180898835790673e-01 3.861325044690855801e+00 -4.813843252496020075e-01 1.833320690220775762e-01
2.673345463627835317e-01 2.550672376933357910e+00 6.709723197289834129e-01 5.191261318006660241e-01
2.108569739661803888e-01 1.819413796516010429e+00 -1.048795882755137743e-01 1.500289905400881585e+00
1.433912584549281055e+00 1.122820190684814312e+00 6.086927974048343959e-01 7.159589866837113847e-01
1.224063092068626180e+00 2.103853525149530057e+00 9.067230345332980557e-01 -7.706315807111970007e-02
-3.277141605132757318e-01 3.018276635824949761e+00 1.581787108381738083e-01 6.742730501570091128e-01
3.617906674534441813e-01 2.516369811614712848e+00 1.105011996182734269e+00 2.190787754708860835e-01
5.070008358019998385e-01 1.826929945124724064e+00 5.946147983058376330e-01 8.648252461294354543e-01
-1.686576509039074412e-01 3.551182331643687018e+00 3.245017016589279990e-01 1.507665179189844433e-02
2.330155082732276117e+00 4.096906760262824521e-01 -1.064030159984093116e+00 1.260656913139743818e+00
-4.080913523841852020e-01 3.045314184865136387e+00 5.969787646995768776e-02 7.653665874548351011e-01
1.329786557299664107e+00 1.175663941368521259e+00 -8.474390952681996048e-01 1.502043952169503926e+00
1.042192747949407305e+00 2.708029306807210101e+00 8.611838250244944204e-01 -4.294082243488699935e-01
1.652764190022934787e-01 3.474438623220603262e+00 -1.322890442213149088e-02 -1.885730707740312234e-02
-2.926917424189968142e-01 4.166757053506687569e+00 -3.446548266897010437e-01 -2.126632020842120496e-01
-3.266182225767230718e-01 3.003829201448557029e+00 1.169919240324848730e-01 7.102115925260150675e-01
8.354320560959564712e-02 3.830826962061802732e+00 -6.124904792338259352e-01 -1.019101430158642352e-01
2.344870569280390171e+00 9.370008037149610836e-01 -1.163205976100561978e+00 1.097974204806695608e+00
1.805346036344942506e+00 1.177504275955113311e+00 -1.000061586969767768e+00 1.037637359699679296e+00
-1.666519452231265130e-01 3.525901713946087312e+00 5.732137818251016315e-01 -6.017403470846843794e-02
1.448388427519527566e+00 1.010205060554723477e+00 -1.473033675255289054e+00 1.787031081566061497e+00
3.249280630532457526e+00 6.451665833406409201e-01 1.073081158434946225e+00 -1.232174675950854503e+00
-5.182229897183060485e-01 4.062121259483706837e+00 -2.714779675333049980e-01 -5.062424497645583860e-03
8.729438307727989121e-01 1.757014298092852922e+00 -7.099906333517806978e-01 1.316813784506414731e+00
1.062041429265833337e+00 2.044389083704801546e+00 7.416126799624320198e-02 4.331291367341515985e-01
1.755955462618495444e+00 6.204154344208098193e-01 -6.102908390542125527e-01 1.312041548250856726e+00
4.184074608216202251e-01 2.278049287379288135e+00 7.560571279715100346e-02 6.303279074034382479e-01
3.790017907460823676e-01 2.117767283783986265e+00 9.327105779574333955e-01 7.255122239612791235e-01
3.297754582816125435e+00 4.513687861011260738e-01 1.438172928310594012e-01 -4.195542204665515529e-01
2.585346768785401483e-01 3.190730553733728048e+00 6.108923908719576801e-01 -2.424443332136674845e-01
2.034005190228712623e-01 3.215157372468171459e+00 5.440672426512598303e-01 -1.911996438075833915e-01
1.079236686333771844e-01 3.231683679235984652e+00 3.321485122390893108e-01 -1.948290894160238096e-01
-3.120521498676364081e-01 3.239317324615338833e+00 5.193223018961682369e-01 2.886842432570208006e-01
8.449927588186256777e-01 1.978202875921818871e+00 -9.161380878688623053e-01 9.616531766000818715e-01
2.493668945748459098e+00 8.713018535125572894e-01 -1.065709718898345981e+00 9.363440176974571205e-01
-1.593276292800919203e-01 3.104814847828599067e+00 3.872642570038989929e-01 3.853931085581793758e-01
-2.954679376188960038e-01 3.991243658790065485e+00 -4.517759527919374962e-01 -1.702523477292714610e-02
2.406073612209065349e+00 7.753828236754635173e-01 -3.729138608566537894e-01 7.323395971087619527e-01
-3.256230918897689008e-01 3.938389608267120146e+00 -4.497424071228052211e-01 5.165869816218204152e-02
-2.940606024027044851e-01 3.992218754467188546e+00 -4.504132646318478317e-01 -1.851318187383863348e-02
-1.569101146720225104e-01 3.680205686811254928e+00 -4.433740832465157267e-01 5.342396843972479353e-02
1.124733923275009095e+00 1.387926695798554100e+00 1.288902890190864570e+00 5.100972264237700893e-01
4.842529734161263311e-01 2.794874304012778587e+00 1.043873937962156884e+00 -1.040390463480122124e-01
-3.178129594919211764e-01 3.277119066873970255e+00 4.456095799711190519e-01 2.841762905743611123e-01
8.550861646710973540e-02 3.166550430344422740e+00 6.623606622209249339e-01 -7.720574400254186231e-02
1.705792349756778181e+00 4.581370007721144444e-01 -1.144698556765523678e+00 1.905863258962589679e+00
-3.129382382626593739e-01 3.191879545955917941e+00 6.119945158457833490e-01 2.765258873304980436e-01
1.426092006703363335e-01 3.257593915065380319e+00 1.073380263605631380e-01 -2.363344367004926172e-01
1.631270112321914212e-01 3.230066302498167286e+00 5.384666402468128998e-01 -1.659626396699687978e-01
1.572669315195270645e+00 1.039523391082637138e+00 -1.197998613907838905e+00 1.511444854141105187e+00
-3.783444004624005319e-01 4.144765367136633571e+00 -3.488185666998880330e-01 -1.111588455760989108e-01
-3.222901681662962980e-01 3.942487902672008104e+00 -4.451924850854019899e-01 4.597928084715326852e-02
3.112172667694609540e+00 4.588647628292616409e-02 -9.938182211732768945e-01 7.608964278523483449e-01
7.336223115440031195e-02 3.958876281476097603e+00 -1.332549838021359345e-01 -3.946174327677937077e-01
7.157100687656837990e-02 3.953488449361999724e+00 -1.441657933519362722e-01 -3.823942520106208276e-01
6.983379536988307268e-02 3.955320827118488314e+00 -1.446453424470910132e-01 -3.841323802575157820e-01
3.525680872707587232e-01 1.339005092694493859e+00 3.450473560788239080e+00 2.154015010161047239e-01
-5.948284279266781160e-01 4.117298457820901980e+00 -3.793339093087169656e-01 6.604306714283790514e-02
1.698134178837765740e-01 3.881809881365493542e+00 -1.087710976950820030e-01 -4.195140011536565572e-01
-4.969681111540284052e-02 1.934577944236593794e+00 -1.243810966363974702e+00 2.112496487333991979e+00
1.770080512471263967e+00 1.770151948185012758e+00 4.719009936870962041e-01 -9.404201090178535005e-02
7.107930468932835422e-02 3.959957416855562240e+00 -1.336100310117586398e-01 -3.934713080408372976e-01
-3.341870133378178065e-01 3.587171189019489503e+00 -9.559836186092843802e-01 7.113014312104523063e-01
2.917031439839695039e+00 -6.984466655367833725e-04 -1.790913505156870311e+00 1.601403299983772621e+00
8.413171657963103289e-01 2.146221057865175919e+00 1.135798046647979176e-01 5.377328240220123901e-01
-6.198266516730778219e-01 3.106056239504999095e+00 -1.849187169652097562e-01 9.721377097634895659e-01
1.414500251583821644e+00 -1.606727189114004473e-01 1.984370955602462461e+00 1.017028985091482207e+00
1.426340171696029557e+00 -1.540072711284575513e-01 1.930243544739627781e+00 1.019811397386964691e+00
2.075338999171360832e-01 1.814799537357108861e+00 -1.036555195229814791e-01 1.504217420829073504e+00
8.714855372527722244e-01 -3.637847751327201729e-01 6.391591172433026991e+00 -3.932805345093189353e-01
2.310647332576750479e+00 8.756079142294619089e-02 -1.198893676341337811e+00 1.667626846154943721e+00
-2.814849317380395677e-01 4.125350214658662473e+00 1.220023316528617424e-01 -4.160873702034598720e-01
2.582929086999438795e+00 5.361180451988390994e-01 -2.997294255079373526e-01 7.212893497969443679e-01
4.862724000226874566e-01 2.817062287990272917e+00 8.910850416100682958e-01 -5.719742831123490051e-02
2.295808038286722308e+00 8.031943885122622140e-01 -6.139084467092876807e-01 9.670605422777460713e-01
8.704093689831182701e-01 3.129500640319268001e+00 -1.221858603740802046e-01 -6.623207681427931703e-01
1.926246062591030705e+00 6.473366019833782792e-01 -1.024153828550451228e+00 1.424271406668629725e+00
1.078450254784383278e-01 3.772345061468618255e+00 -6.553612089860315626e-01 -4.674768915781885026e-02
6.639659862167943682e-01 2.107855709827514357e+00 -9.324576415234836491e-02 8.280011906937366772e-01
2.607970578768418868e+00 1.734011681639275049e-01 -8.075029441636853988e-01 7.384433233782239370e-01
5.182461074174377069e-01 1.928482363627365803e+00 1.373257370759622287e+00 3.701791098158435100e-01
1.422527175671441622e-02 3.299254255326143692e+00 5.358436890761023585e-01 -5.451962425483040942e-02
-2.493362271947259512e-02 4.015611418816941836e+00 4.582135705616433019e-01 -6.960399832424837285e-01
2.541752192795876830e+00 6.056408444470057217e-01 -7.651483407422491334e-01 9.720865481227146665e-01
-1.772239147113394975e-01 3.467164956048820468e+00 -8.290521514926845192e-01 7.025698000201531235e-01
-2.118778356070015745e-01 3.966769686279873586e+00 -4.058675299487453647e-01 -1.505442734511882805e-02
6.882660617313389462e-02 3.943386093056957975e+00 -1.399755303203611689e-01 -3.766443944560506907e-01
7.478659278834608459e-01 1.607991935091784175e+00 -1.598333295761193706e-02 1.265979842011403234e+00
-2.581598240203527017e-01 3.441476610335043151e+00 -5.557530576296367819e-01 6.433799253327241452e-01
-1.197692836499770624e-01 4.044232749202338439e+00 3.687207109579052067e-01 -5.968075688814349355e-01
-2.507189754257536096e-01 3.567392304353310006e+00 5.688967731239956693e-01 -1.234566239187950415e-01
-3.934383804389279260e-01 3.367547067781946346e+00 3.876314995112012385e-01 2.814988996333171456e-01
-1.879103635344882284e-01 3.479770545281033467e+00 -8.566581424091963548e-01 7.117990969233728427e-01
-8.514827596797565346e-03 3.015660359926660927e+00 7.593664476582164813e-01 2.154558401401235612e-01
6.148749515284048645e-02 3.939712228816071526e+00 -1.158506867756815828e-01 -3.798687640010862676e-01
3.833869906817813367e-02 3.899999845858928893e+00 -1.001993838806036624e-01 -3.280154737407418031e-01
2.080157779381308636e+00 9.280977352756984988e-01 1.010487219517143265e-01 5.440690865830156708e-01
2.033844578407879577e+00 9.463974313271013017e-01 3.381959227713340205e-02 5.886868798521311952e-01
3.149646138221396274e+00 2.872377854944349607e-01 -1.064761264963639098e+00 5.141114487781989206e-01
-2.071584472664489765e-02 3.975786125229050061e+00 -1.522177368042519907e-01 -3.287333451611347268e-01
-5.985644189276343452e-01 4.751779263594567149e-01 5.020821536844751520e+00 1.029737084925849144e+00
1.861698788520748771e+00 8.022589267608677410e-01 -8.143809557081351791e-01 1.510711064168558604e+00
5.425042518030179783e-01 2.064816620801130931e+00 4.147100990514386298e-01 8.723910170356684590e-01
3.670290488707911303e-01 1.335557822404044304e+00 3.493652718437321614e+00 1.712407870827787892e-01
-1.705792629887641354e-01 1.010478478211625619e+00 5.036832633781321178e+00 1.746779941280613979e-01
1.602661199123489588e+00 8.973429741721503095e-02 -1.267642149951721420e+00 2.095998575698269750e+00
1.000358665106245715e+00 1.609249666902295539e+00 1.037853236700883253e+00 5.257523116613299630e-01
3.931395715378530609e-01 1.321710357919583245e+00 3.511153179573302641e+00 1.529411764879838875e-01
1.987389218380672951e+00 9.394317030153142012e-01 -2.226987376946047981e-01 8.312411726322381789e-01
5.210465745753183747e-02 3.949468762061412175e+00 -1.496682975017049888e-01 -3.703543484944568087e-01
1.071312173052786365e-01 3.709024711419647957e+00 2.272054168022963339e-01 -4.214502616350684905e-01
3.630131382698193465e-01 1.318519676255959672e+00 3.471953456100208335e+00 2.070042526021094453e-01
2.054536400243211602e+00 8.428047727966232472e-01 5.257390803722284713e-03 7.704172291200687139e-01
2.141719257289736333e+00 7.665817684115491248e-01 -6.150258278902145381e-01 8.217548119569162424e-01
1.943153047294032598e+00 9.813563230639271717e-01 -3.140750361881947672e-01 8.800198855201798454e-01
2.556633382151376033e+00 5.017284885295786312e-01 -5.085255698050354933e-01 7.674943402594099906e-01
-3.267633781861153386e-01 1.282658619348457096e-01 6.537152090020364348e+00 2.774044659935039348e-01
6.446643393790880971e-02 3.939644972018554459e+00 -1.117126164360028318e-01 -3.911654848717798783e-01
-1.592879647903054918e-01 3.954285419915509081e+00 6.600339388511924921e-02 -3.258697521036982292e-01
4.950234186980407430e-02 3.943102009639471550e+00 -1.416958451589584167e-01 -3.670036849062609519e-01
5.017153020940142566e-02 3.947251488398595853e+00 -1.524638196751230135e-01 -3.669455959259546041e-01
1.675905860585131135e+00 1.300738613522650855e+00 1.339383484857525008e+00 8.153189492774610969e-02
5.247674429846835298e-02 3.946952860173825961e+00 -1.504415405231662450e-01 -3.673555577819113682e-01
2.252159641324022132e+00 3.297475510471120641e-01 2.046388054973289072e-01 1.104970930830339260e+00
7.452494659178126035e-01 2.168791211887617365e+00 2.065696100338739738e-01 5.402662640241183700e-01
-3.604962942724166952e-01 1.847971384430217023e-01 6.505941181697076914e+00 2.585748483321391733e-01
9.391941089598047077e-01 1.696114510246630847e+00 1.196100096566464766e+00 4.807247720171017313e-01
1.838835955633284502e+00 1.022330116032189595e+00 3.566109911105608266e+00 -1.205008998839238288e+00
4.709608796916419649e-01 1.582570834808397331e+00 9.698593374152858493e-01 9.613893596941075481e-01
1.933557226744033519e+00 4.394423762454035542e-01 4.792856796281568799e-01 1.058648957692487791e+00
1.827250027307794955e+00 1.018655197051772099e+00 3.478133868146809693e+00 -1.144872324703478883e+00
6.132929090290355489e-01 1.741937561887995534e+00 7.780302526223603632e-01 9.080220192055341588e-01
1.911177681228199976e+00 5.256601333289603328e-01 2.142416912310097232e-01 1.148357688207880978e+00
5.846798404257211867e-01 1.804672411007511856e+00 6.270279549047307333e-01 9.525419472058247461e-01
-2.207966893828755550e-01 3.351502128475940534e+00 -4.612424220783911677e-01 6.846019198032865516e-01
5.206106819421727622e-02 3.914590575571823550e+00 -1.015209559004322387e-01 -3.686068544554296222e-01
-6.524816479965021010e-01 3.641963856404470956e+00 -3.145120976589255712e-01 5.571666774411551115e-01
1.713731187272290235e+00 9.706794565935652486e-01 -2.176352926804141497e-01 1.084098335889335685e+00
-4.721678747839641033e-01 1.572068313050663635e+00 6.234662480700859932e-01 1.677982263318529954e+00
5.563369373634952098e-01 1.785506972716251584e+00 8.185516888348948195e-01 9.007360707972518199e-01
-2.274407771427787717e-01 3.478843659036699343e+00 8.825526983151216198e-01 -1.269037671975900838e-01
4.774038333662630751e-02 2.972137641103479666e+00 6.609712199441968306e-01 -5.975460390882459533e-02
1.565784718719509749e+00 1.011298596413638284e+00 -3.049386104207809089e-01 1.216868090294964455e+00
3.012589231513645993e-02 3.816579991283989504e+00 5.805990423386399035e-01 -7.601015612935482224e-01
3.710245353502236720e-01 3.534469182294647460e+00 -2.110521656248383077e-03 -4.829596099106530649e-01
5.549597910359542752e-01 2.135638044792106616e+00 9.167937865118342966e-01 4.966918458509886336e-01
1.662774723032703683e+00 9.690670701149873834e-01 -2.493653994036076349e-01 1.141906559370357899e+00
4.312115655402156134e-01 2.039286687202268133e+00 1.130234456971200618e+00 6.071627734289269940e-01
8.070650543607343907e-01 1.671535662196566685e+00 7.127180362176388506e-01 7.899592460923382520e-01
1.978219961745165012e+00 7.635161652372879360e-01 -7.489690500723720223e-01 1.161252332267950438e+00
7.872180594706833512e-01 1.686734861468162761e+00 6.570925587942109125e-01 8.262024419449166546e-01
3.410708052899920073e+00 -6.496239052074280484e-02 1.393588184828066234e-01 3.327170515065682177e-01
3.499228443677251832e+00 -7.921333636432781322e-02 -8.108686793593029851e-02 3.698959780283457843e-01
7.194795547029418925e-01 1.953801272059292882e-01 4.082190817176608033e-01 1.276617030078627257e+00
1.756829272995891422e+00 1.637823618946893767e+00 1.460179072059218652e-01 9.820372673460879553e-02
1.934565239547617332e-01 2.545226275421254014e-01 7.417923883903021487e-01 1.556845840307572448e+00
1.990650956796757576e-01 2.363186530768338900e-01 7.513206284024415149e-01 1.551855072894709364e+00
2.089523617097258867e+00 5.101559699489627286e-01 1.510474966530049867e+00 9.403239914997517379e-02
-3.672958268699695883e-01 2.549141492477454474e+00 1.785461190074153714e+00 2.351005709765525975e-02
7.260804559377964651e-01 1.594308151676095825e-02 5.093596002752971419e-01 1.251736932555652659e+00
