1.061191188979644651e-01 -2.068873827171916618e-02 -3.063367927714903335e-02 -1.814256859266394004e-02
1.491066715762941752e-01 -2.906949223519869965e-02 -4.304300678885603082e-02 -2.549190046799408235e-02
1.291309010365231658e-01 -2.517506215732796121e-02 -3.727654967551678744e-02 -2.207675915346432247e-02
1.434798536078513431e-01 -2.797250080272696907e-02 -4.141869875853534250e-02 -2.452991612426322701e-02
8.544489863709389676e-02 -1.665814004973462450e-02 -2.466559888453965718e-02 -1.460801739136613660e-02
1.362329349933363298e-01 -2.655965829094133687e-02 -3.932671210343815366e-02 -2.329095259520688049e-02
1.362329349933351919e-01 -2.655965829094279751e-02 -3.932671210343720997e-02 -2.329095259520770969e-02
1.362329349933371347e-01 -2.655965829094377936e-02 -3.932671210343837570e-02 -2.329095259521403449e-02
1.362329349933364409e-01 -2.655965829094753677e-02 -3.932671210344799301e-02 -2.329095259520713029e-02
1.362329349933369960e-01 -2.655965829094656186e-02 -3.932671210344582807e-02 -2.329095259520960054e-02
1.422554432469399499e-01 -2.773379258730659241e-02 -4.106524506716426742e-02 -2.432058580575663723e-02
1.491066715762916495e-01 -2.906949223519223260e-02 -4.304300678884943193e-02 -2.549190046800046960e-02
1.390217473216638910e-01 -2.710335869996547895e-02 -4.013176573861794438e-02 -2.376773961986679284e-02
1.938874183729157596e-01 -1.851053715817378709e-02 -5.366629054840262036e-02 -5.904498897125003143e-02
2.526854914089047832e-01 -1.906514299651870456e-02 -7.166340264650428171e-02 -7.991396787452806350e-02
3.258462627972984471e-01 -2.839692227650628814e-02 -1.024403928675678005e-01 -9.357929175592549775e-02
3.469646782541699892e-01 -3.587006931308505536e-02 -1.120019590294881323e-01 -9.419972169847462551e-02
3.235350206681142371e-01 -3.528584108676541958e-02 -1.007904695190553618e-01 -9.126218426129394101e-02
2.740017538011484954e-01 -2.729752459944317575e-02 -7.497703456653957710e-02 -8.893981576933975008e-02
2.829019783823762402e-01 -2.833342892293544413e-02 -8.570211195003063498e-02 -8.174516182947183518e-02
1.110175514866860347e+01 -2.900573049578329066e+00 -2.541275906843690091e+00 8.078908789337383434e-01
5.183083167952233783e-01 -2.029628051250868814e-01 -1.484102807708614080e-01 -2.315004413274553488e-02
5.576198208314482319e-01 -2.180311953024810789e-01 -1.403268544489825465e-01 -9.314769305694498014e-03
3.409568544163171094e-02 -7.354995384925445967e-02 8.136659411530754171e-02 7.972709483830135724e-02
1.206279445083536378e-01 -2.995572389550219677e-02 1.352945025584230757e-02 3.098899156810261402e-02
1.226698605282236232e-01 -2.298697328901061487e-02 6.480726750566992260e-03 2.018994745600137183e-02
6.936033117258101621e-02 -6.953917169647451380e-02 5.374710203458665098e-02 5.742662660050271151e-02
5.278613256441311297e-02 -1.014067523431133738e-01 1.191181942875067928e-01 8.780926374648516386e-02
6.444014804996105183e-02 -1.257198031840794095e-01 1.334340210767982204e-01 1.128661034327204382e-01
4.426897556228594904e-02 -1.300990861251451469e-01 1.838901145227203882e-01 1.245791048269907636e-01
5.058685709167463213e-02 -1.446556058292698954e-01 2.060698969697582761e-01 1.301882977840779776e-01
1.969780078857385208e-01 -6.599347117169737653e-02 7.213263959390030233e-02 1.165122768495832906e-01
3.003911204634417409e-01 -8.720831603249487585e-02 2.556338559774105988e-04 7.098032574579335452e-02
1.906929132148993955e-01 -9.378586858270218651e-02 6.459108756663349549e-02 1.431196708485551472e-01
1.842831579676002807e-01 -8.929620321728218291e-02 7.561284905482709706e-02 1.420551804422706121e-01
2.097353381540117134e-01 -7.301495769100541100e-02 5.009189962275598096e-02 1.136285095116435356e-01
8.701074512442759368e-02 -1.127577583919233822e-01 1.014680416696699394e-01 1.442543075326544189e-01
3.069809922968367299e-01 -9.115828877146471554e-02 -5.665555317178562478e-02 7.616773660623266107e-02
1.861417019897704805e-01 -1.590480569061060723e-01 -5.832364672403430456e-02 1.361964032353228105e-01
1.554425294417107473e-01 -1.029268000792389337e-01 3.201994544160435569e-03 1.008744230016824367e-01
-5.684982304280548904e-02 -1.427378031481295328e-01 3.786451279880790333e-01 1.806658054969652871e-01
-1.454181505235000761e-02 -1.224467621294478281e-01 3.095967350430701703e-01 1.774176662674655791e-01
3.702702421192372723e-02 -1.600004111885314773e-01 2.139938271708461126e-01 1.202826460716131252e-01
-3.180818082212628819e-03 -1.207849868272416888e-01 3.435662784993613328e-01 1.703383819551163303e-01
2.131761388516798840e-03 -1.493169098197315581e-01 4.306030709844349547e-01 2.530485185275136994e-01
5.738811242819417263e-02 -1.734998755843311369e-01 3.436130304364336530e-01 2.488960960617145335e-01
1.235882987049662790e-02 -1.352528223481641589e-01 3.652344160827715736e-01 2.250178774845268126e-01
6.183316898268182565e-02 -1.576764354131381385e-01 2.596234794003922097e-01 1.800164225624200365e-01
6.245447694344911926e-02 -1.690244833093654531e-01 2.459933569086784344e-01 2.232569879797235146e-01
4.881638666880665917e-02 -1.371467554416098411e-01 2.400361029946969926e-01 1.529581256900198194e-01
4.960860017966357144e-02 -1.494915249719335759e-01 3.052649145106948181e-01 1.729400808818159774e-01
7.063778628140171545e-02 -1.353288862969602158e-01 2.467943588867512472e-01 2.024353704754808803e-01
5.697837334157756367e-02 -4.273479481710899114e-02 8.242319120945151845e-02 1.209320251790860501e-01
4.210798532637716196e-02 -6.058046486399924074e-02 1.794088671182741679e-01 1.113306800323280721e-01
-2.565047512091982451e-01 -1.976797796099153404e-01 1.187732641004158873e+00 2.789745512585980469e-01
-1.733389134681203037e-01 -1.260595589335729294e-01 8.684097047573500205e-01 2.207593509642273299e-01
-1.029940479235604833e-01 -6.477669962716912921e-02 6.855122707998084763e-01 2.423718372786604625e-01
-1.163203438837090709e-01 -6.231428388646471223e-02 7.454276381334806745e-01 1.956018034900729452e-01
-2.026780081784744850e-02 -2.728375072045655797e-02 4.485280089109310309e-01 9.611080517039952142e-02
4.485480139117543202e-02 2.101844102095405675e-02 2.017160158114726098e-01 1.002111611836743882e-01
2.882014763101856669e-01 -9.543538969380452319e-02 -1.113937768478730633e-01 1.501513432784564728e-01
-2.529443879445545384e-01 -2.486059747197857384e+00 -2.154367925736241640e-01 8.315336956267900259e-01
-4.284762871212578761e-03 -9.482413277826559628e-02 2.367050749756770822e-01 4.462532939174208013e-01
-3.049404286975773704e-02 -5.608199678962003110e-02 3.319572488277446887e-01 2.657771860606997771e-01
-8.227156220127793498e-05 -1.179504465111177042e-01 1.845723227477457651e-01 3.491246627822206516e-01
3.487183105832984686e-02 -1.522299696817154269e-01 1.514104930404426286e-01 2.543634743103815321e-01
-1.572032355302095587e-03 -1.376525651515163318e-01 3.059307265028695100e-01 2.230850408382777650e-01
7.745140981000235569e-02 -1.636775029521157776e-01 1.682911155143821877e-02 3.991992279015771361e-01
1.953746206950667252e-01 -1.987176466456487822e-01 -1.240595016726037947e-01 3.718971699528472730e-01
1.319979307345479913e-01 -1.266294026007010187e-01 1.611526198852311353e-01 9.649227873208872375e-02
1.119205773753323974e-01 -1.687906070932698732e-01 1.211261774148149895e-01 1.424517286603234067e-01
3.450892129275744818e-02 -2.911811577263602180e-01 5.120263598540546190e-02 2.313535449766796759e-01
1.801935435696675469e-01 1.236461792848138064e-01 2.022669509363970164e-01 4.427888338548500169e-01
6.930521724312713183e-02 -1.893294895181029669e-01 5.875162860436163037e-02 2.988087256149132287e-01
-1.405843702985531615e-02 -2.108191088157494730e-01 1.610446164715618189e-01 3.614453423612568050e-01
-1.914993671914878848e-02 -3.028800480337052736e-01 9.989774670930870459e-02 3.486377487279646026e-01
1.606483254452586648e-02 -2.822716482061314869e-01 9.753908462026662785e-02 2.206135432419232822e-01
-1.470565694060773088e-01 -4.072949261199334536e-01 1.345043482979038085e-01 4.677730241305697034e-01
-2.343026703788470000e-02 -4.227106206723738047e-01 -1.002736869918393198e-01 5.534336391128370503e-01
5.010463106322029514e-01 -2.875890050710094292e-01 2.476717443588702661e-01 2.542359605925630928e-01
-1.140141586626196718e-01 -5.844403503921318244e-01 1.727684219738461757e-01 3.259416112959452883e-01
8.260301018527484163e-02 -3.628100869476938994e-01 -1.424231495695273998e-02 3.880001359277955308e-01
4.635914457899210639e-01 6.169985607927010174e-02 -7.332540806563589419e-02 -6.787491707964171672e-02
1.664807664102958551e-01 -6.368856149326185268e-02 1.647011204253202021e-01 6.001829517176762163e-01
1.672111750097566296e-01 -1.378184822079784808e-02 1.025511414898255293e-02 1.387060868466113983e-01
1.745680805204811725e-01 -6.176645563198584349e-02 4.228707753318335788e-02 1.719167366466072544e-01
8.733402213668765846e-02 -1.613204195076779479e-01 1.032996066170622090e-01 4.291383613472052327e-01
3.220338398030945792e-01 8.010558491437369533e-02 1.277019462305988007e-01 3.173417119325128155e-01
2.367659964282550419e-02 -1.355767947834832510e-01 1.895077221822131786e-01 4.276089716272801766e-01
1.509689431195266329e-01 -2.924960169401369728e-02 2.263348833920170167e-01 -4.660719675121520467e-02
3.725616703753308334e-01 2.130396871554772198e-01 7.139754176520727302e-01 7.754006465218595823e-01
1.319612448394029691e-01 -3.269165877202035581e-02 1.760077846872259433e-01 2.081863909784741062e-02
1.143263273743629210e-01 1.550311413486624677e-02 2.844760022301799363e-01 1.155694941057624631e-01
1.738968736098730483e-01 5.599999825272987397e-02 2.293017829696731569e-01 1.334937346550652271e-01
1.898455571589030555e-01 4.011284833411552647e-02 2.275600582477717848e-01 1.044827226532066416e-01
1.999499411417273720e-01 5.123251369311694614e-02 2.122080133472305785e-01 6.581078595411203602e-02
2.272734345055802685e-01 2.081528948478121935e-02 1.078261959434048539e-01 3.279217046545016001e-02
1.746955318179784222e-01 7.605326320254625697e-03 2.242894575628857634e-01 8.862451964833967244e-02
-1.498809748663404440e-01 -2.501124453767640254e-01 5.643661049803457841e-01 4.067434288379047080e-01
7.866025073305075999e-02 6.451014406840836768e-02 1.525043869012456255e-01 2.944915094512599030e-01
-7.421682116760665304e-02 -1.278149288100041581e+00 3.216629390385039033e-01 5.774971910916852913e-01
-3.967276715425002709e-02 -8.549773056759210066e-01 3.217789994649590812e-01 7.279008744319879209e-01
3.322935989192892792e-01 6.539170189717821713e-02 -6.985614167461766388e-02 -8.648733311411989366e-02
9.055595366831306614e-02 -1.664390105133065900e-01 2.876766926123608403e-01 2.606207717519023470e-01
7.256813146116528612e-01 -5.596455281680262628e-01 3.504863229090449117e-01 -3.974542453698445832e-01
-2.949839105215242840e-01 -3.232054442877688727e-01 1.236005657352872156e+00 6.710275822480794572e-01
-1.813058355755386986e-01 -3.403767850945228490e-01 1.064334135656817004e+00 5.570633057161341606e-01
3.125821568948640383e+00 -2.402595836152819353e-01 -4.908120510767036149e-01 3.554095067234885885e-01
-6.187406520110289715e-02 -1.719333576927026819e-01 1.952688442345471564e-01 3.608000210490994730e-01
-6.859757691713043448e-02 -1.910096390990533577e-01 2.086081700175204667e-01 4.002316830021568350e-01
-6.838260617048497192e-02 -1.904885664449386118e-01 2.126722855096197518e-01 4.001574435481127234e-01
-7.746604847334574717e-02 -1.890325548250897658e-01 2.228610206090919643e-01 4.259737026749372268e-01
-8.118422555978475896e-02 -1.743096542041703001e-01 1.996961325409032373e-01 3.248035930270636862e-01
-9.472460229269873133e-02 -2.056131473791764086e-01 2.428627911433694497e-01 3.883050205710657510e-01
-7.677769629669065066e-02 -1.722488460551003520e-01 2.111123616414235238e-01 3.309116577053007879e-01
-8.332332702595689200e-02 -1.925804774781231521e-01 2.467636524321369096e-01 3.778098885327252909e-01
-1.009431902672701942e-01 -2.337494848326527319e-01 3.078463699734037551e-01 4.731695699561608293e-01
-2.289501203065562041e-01 -3.747538934952833189e-01 4.062945787639881678e-01 6.680099644295939276e-01
-2.078313954119792584e-01 -3.418899368932342697e-01 3.988008751925303796e-01 6.401317416749914280e-01
-1.847086709317921349e-01 -3.064228668830704660e-01 3.686677242842164026e-01 5.856041877241978666e-01
-2.047804442339133113e-01 -3.381123907899870051e-01 3.956941984745221963e-01 6.259200787617329453e-01
-2.389357605310191146e-01 -4.071146443401695292e-01 5.133669162684008080e-01 8.306818823261159501e-01
-1.957200787448453438e-01 -3.321554991783187138e-01 4.121209851511205002e-01 6.617271435782353661e-01
2.517254770988671453e+00 1.254487092021592920e+00 -6.253489799051360487e-01 4.577103186841998017e+00
-2.809978199669432852e-02 -7.900026787621293456e-02 3.777934811920889979e-01 2.165130443572113872e-01
4.264896557488246365e-01 -6.596138352000309624e+00 -7.049767220010791924e-01 2.317908478017330687e+00
8.637371577105034115e-01 -6.516595207104542098e+00 -2.863989555262834497e+00 5.969026827795436141e+00
-4.319998057053188734e-01 -2.613818432576107131e+00 1.844580144927140619e+00 -2.515937076763591351e-01
7.255653145773180990e-01 5.351524929837117028e-01 2.177894816453491700e+00 5.579646643360081981e+00
4.084791115695967534e+00 1.195123644410952535e+00 8.372301234121275471e-01 -1.035591294003259888e+00
4.823844078500755472e+00 -8.620432815853034114e+00 -3.129886324489238536e+00 -2.354535016698368732e+00
8.853873348372147234e+00 4.172414373167529611e+00 -3.282649927298721071e+00 7.594814436151239967e+00
7.743892815376280936e-01 -3.159484659049648925e-01 1.633037882545431141e-01 1.176098091207446739e-01
-3.996749418609026050e-02 -1.978926185325663667e+01 -5.437627583276653631e+00 -2.512828719977012737e-01
7.051719154699899461e-02 -8.573654345702512447e-02 3.762547270796001014e-02 1.727644959122819979e-03
7.375234366468048919e-02 -8.855757627828797496e-02 3.660515291665158294e-02 7.240545967648181341e-04
8.985992234685206970e-02 -1.092298354399006827e-01 4.707699439547229081e-02 1.757676966717149807e-03
6.389233108031991404e-02 -7.766475451466377244e-02 3.347275218613909864e-02 1.249746001964026744e-03
1.207210814101522267e+01 4.306579097046195237e+00 7.914724181876453102e+00 -8.053041545681727698e+00
-1.472822195000525358e+00 -2.118022714089130076e+01 -1.201365364328686458e-01 -1.325529921943280121e+00
-2.611327750681815552e+00 -1.327355395757899181e+01 3.778498103334230418e+00 3.467287885106087320e+00
4.271012157658952368e+00 -3.545581435916130175e+00 -5.104555997286825963e-01 -2.869261149821308088e+00
5.516853111783389885e+00 1.444940087876996015e+00 -3.702804348242217269e+00 1.590788106014003134e+01
-4.360341816396556602e+00 -7.040493095669137169e+00 2.579488254456651641e-01 2.920109113571658810e+01
5.356903205180301164e+00 -1.467476195524855642e+00 -4.778985113539673257e-01 4.369211330184096909e+00
5.754884242981576747e+00 -3.190958739782735698e+00 -1.071993234499958758e+00 -2.753600990511808178e+00
2.684384702341396256e+00 -8.635482410743673398e+00 2.789689845909288479e+00 -2.857049731504442303e+00
8.586340184429310796e+00 -1.412670871726853239e+00 2.035469529845379988e+00 -2.385823399115044041e-01
2.323263422655841015e-01 2.926476691104602512e+00 1.001332836332355036e+00 3.356387039472619449e+01
-3.389791639411448898e+00 -2.607344377050313078e+00 1.427494300371389002e+01 5.708539636662644412e+00
9.508659773284847461e+00 5.597253403270798344e+00 6.144666009827737696e+00 9.311846880330421072e+00
3.569761319267754640e+00 8.014163285375384138e-01 6.901685003269405705e+00 8.791251683576424725e+00
1.672988541349504366e-02 -9.611613596447292351e-02 1.123630704502194821e-01 2.306578131725466330e-01
7.379531973316603377e+00 2.989499081925694135e+00 1.982089912008468069e+00 5.350266116675215677e+00
4.607676146531445860e-01 -2.664368524341533373e+00 3.478655939203353920e-01 -3.557200145168849109e-02
3.921933945364982077e-01 -1.044809296516527181e-01 -1.353472346725004827e-01 -1.013132428684908465e-01
2.868153753332385869e-01 -9.587891751622862335e-02 -7.275768750577288335e-02 -3.230602022462265854e-02
1.870707983299882138e-01 -3.554527842389272330e+00 -1.190477632069157021e+00 4.388228403470431083e-01
3.659435654030050722e-02 -6.452417830802580079e-02 2.216219632280354568e-01 3.338619776854079291e-02
2.951405865981771015e+00 2.044045259077384102e+00 2.448678934406594010e+00 3.961384538601413929e+00
3.530045814528456560e+00 5.254900765476250291e-01 1.223974689979637454e+01 -6.106249845402338394e+00
5.777753915763005566e+00 -4.048578356792707389e+00 2.431671255926342035e-01 -5.679589656598746927e+00
2.574004304375593133e+00 -5.525019649939835631e+00 -1.219927151747142835e+00 -1.620693091430956967e+00
2.036835477150212270e+01 -3.220101449898038481e+00 -6.717751482394025864e+00 -3.666745821586245291e-01
9.350239310828412087e+00 -3.394335711275857648e+00 -6.945581454629725648e+00 6.350739460531076297e+00
2.366774892809818898e+00 1.295890556866217791e+00 1.527389670291532386e+00 2.289572132349064759e+00
1.556263065286459968e+00 1.672452579958580987e-01 -4.407225994933894331e-01 2.431459010606361559e+01
-9.925236995739696033e-02 -1.119996622911180406e+00 -2.159558116306225239e-01 5.324977036067781722e-01
-2.505980220947165438e-01 -2.724837657601436813e+00 1.654149706086168958e+00 -2.047373116970479523e-01
6.628351813481018207e-01 -1.603555790473828901e+00 9.054004789908854933e-01 2.963475173284171316e-01
3.216385137763662527e+00 -1.182335435878170316e+01 3.067672534688133279e+00 -4.817484607847034361e+00
-6.930041186841924550e-02 -2.993186553973565256e-01 4.346119751209245874e-01 1.760780999541093350e-01
5.735748964360062097e+00 4.567574883345586201e-02 1.385375521524838227e+01 -6.959475397203947367e+00
1.169719508927138207e+01 4.862081512990952703e+00 4.459407226257033341e-01 -7.620482186923112522e+00
-3.137276019444211528e+00 -2.606274294653342594e+00 2.464778694962434358e+01 -2.900970760045039620e-01
-7.011320610183159330e-01 -1.006693064642269153e+00 1.510709986572232388e+01 1.247158524176976035e+00
1.384767514944980293e+00 -3.982000698185695353e-01 4.797807529441790564e+00 8.630830343245277092e-01
-4.869023980198218249e-01 -2.681009165461287758e-01 5.280886044264723189e+00 3.612949713301113253e+00
1.928328692787854501e-02 -4.682739228217452920e-02 1.139540958127116255e-01 1.293987150873182890e-01
7.529733818797152978e-01 -5.905575322765976853e-01 -5.158725730029981721e-02 5.479457133496242749e-01
1.733064087769307760e+00 -9.852956039811285649e+00 -2.016419342134355031e+00 4.483078892375537805e+00
3.897418375581411354e+00 -4.785150183249003319e+00 -7.437952718996763135e-01 1.415568087180200996e+00
1.109109986168571371e+00 -1.328787910079209711e+00 1.920956880260832378e+01 -3.906666344904861088e+00
5.653540663809724087e+00 6.573251401624752299e-01 -4.257734109186768201e-01 3.251883054629783665e+00
-5.178518478504394729e-01 -1.160444082809376720e+00 1.127346487451421408e+00 4.326245926163702293e+00
7.140940907877980415e+00 1.061113664561171399e+00 8.952185280341813822e+00 1.705093063291704680e-01
7.252696990635423280e-01 -3.821749497401560003e+00 -7.345154796873156755e-01 1.622634411315422298e+00
-6.759200701294896252e-01 -1.992939564585616452e+01 8.566842725612366038e+00 -6.473788780901069906e+00
6.643626245823114340e-01 -1.137470806264409440e+00 -8.688387913309887356e-01 3.059025601428002616e-01
-1.814039430158685962e-01 -2.785899767101811531e-01 5.798127282242922398e+00 1.022375904412715864e+00
-4.210065475657594369e+00 -1.698788501099009807e+01 7.717373980282355994e+00 5.258576806704715167e+00
5.038821646655096131e+00 -4.845851288889521769e+00 -4.328198282716506640e+00 -2.315656833378213708e+00
7.152804904801743913e-01 -1.113304624592914349e+00 2.895882280283578858e+00 -1.835640313367217447e+00
-6.215897640266049989e-02 -1.712124602295970466e-01 1.521328897302976768e-01 3.502327248335277421e-01
-4.676837753594284552e-02 -1.288201550650489580e-01 1.144646973664777134e-01 2.635148975805111649e-01
-5.349756169109304293e-01 -8.598503812256464984e-01 1.140681539827497204e+00 5.434563175452162831e-01
9.297825737569194449e-02 -5.495047843606973292e-02 3.852404593776398434e-01 1.470374632135657889e+00
5.689978437588838478e-02 -1.549448619564067764e-01 3.059654580598703544e-01 3.268353107088343701e-01
5.008089119185033661e-02 -1.415052670112324773e-01 2.739472922255013487e-01 2.882764394442603462e-01
5.624019912064179977e-02 -1.546062131195467815e-01 2.876757831834609314e-01 3.139585397121420485e-01
2.441614662752856699e-02 -8.954984609474032908e-02 1.383061313898402978e-01 1.472746237533511804e-01
3.150923419913473023e+00 -2.295083279793170561e-01 -3.389512658367319631e-01 -2.547907246459132913e-01
-7.796820335465155793e-02 -2.401519917718552000e-01 1.520704537946994783e+00 1.077929369648640556e-02
-3.340193735184877194e-02 -2.715138656292722663e-01 3.085419915317384465e+00 1.107479796775678427e+00
-5.459482773506219022e-02 -2.271728660115906184e-01 1.314780757243533715e+00 -5.790296832905760666e-02
4.479663609106942168e+00 -1.355896161073015271e+01 4.284976154880510535e+00 2.357280895412947608e+00
8.227636902620388826e-01 -6.344251604077960627e-01 2.582538263755756791e+00 -1.056043898165315964e+00
5.250849871719703160e-02 -8.507077340135239807e-02 1.481899603882835814e-01 -6.102016356285249604e-03
5.410955376316332888e-02 -8.531303952686140890e-02 1.508106130132280120e-01 -5.522198606835518331e-03
2.250389207080083498e-01 -1.317026118858922179e-01 2.100691305951959409e-01 -7.443964718034299516e-03
1.836539950343913652e-01 -1.123998029188797709e-01 1.730375932020438434e-01 -1.126402453082995039e-02
1.800137578252799242e-01 -1.077646800452951026e-01 1.958212225466486045e-01 -1.059145172045305484e-02
2.066596271868565704e-01 -1.115180855571675511e-01 1.511964398431635548e-01 -4.382916705609182784e-02
2.143061591032325575e-01 -1.145569814200097930e-01 1.457957048446436865e-01 -5.253892684822972919e-02
2.063987847303397072e-01 -1.140861129227073584e-01 1.505906336567382764e-01 -4.627044760065236045e-02
1.976932142902355638e-01 -1.031911889974083674e-01 1.449942776096825869e-01 -5.416131036250136643e-02
2.910463775384359297e-01 -2.269533434575403755e-02 4.587567390829900837e-01 2.426654479313643531e+00
-5.338229989400240516e-01 -8.414644693455854974e-01 1.348276721445723636e+00 2.284354993912976806e+00
5.241433457091082548e-01 -1.888106441603497387e+01 5.754396052125790639e+00 -6.172196416710773015e+00
4.911292316601303248e-02 -3.516732796376104836e-02 8.122190702308960952e-02 5.855658948254647417e-02
5.250839684770087362e-02 -3.759865822998464252e-02 8.683726912933528719e-02 6.260496098357279382e-02
5.697401934981593641e+00 1.088470856062837416e-01 2.337132943076416947e+00 1.051718660302405767e-01
3.420162548997583762e+00 -5.391791445147293693e-01 5.594162645965241598e-01 -9.510921346681026067e-01
5.415487889953046086e+00 -1.153004586223535188e+00 -1.003313094379433723e+00 3.935873786419972209e+00
1.088781739489767419e+00 -1.645272574901132545e+00 3.190549059307858371e-01 3.054859852720097080e-01
1.105565749908415052e+00 -2.150245873196983570e+00 -1.063682229177830285e+00 8.847377661022405304e-01
9.185020273236895960e+00 -2.380245085431196284e+00 -3.935185907831034502e+00 4.888516345054897960e-01
6.503864912170011225e-02 -9.474154259707293080e-02 1.401730574299460574e+00 -2.156442309210926389e-01
1.909066930544052812e-02 -1.206493666902975354e-01 1.581816786379549145e+00 -1.627516273589425799e-01
-7.255966808328012142e-03 -1.264488997236108137e-01 1.924993565643511761e+00 -1.536909398495771018e-01
1.335249000431000532e-01 -1.227219609862281458e-01 5.837104620408098965e-01 -1.403929971106942232e-01
4.329345956443961252e-02 -1.087546176399156739e-01 1.616455561935628227e+00 -2.150933482477948577e-01
6.467294958095048951e-02 1.137979196207311167e-01 4.841025488367020735e+00 1.103829692534633145e+00
-1.992438725703828128e-02 -4.891878164920390737e-02 2.080554719695842103e-01 1.616819223519250504e-01
7.138973396278532058e-02 -9.665256039044434894e-03 4.588837082562451930e-01 2.065350541444920807e-01
7.941822032633372164e-02 -1.252474801195161414e-01 8.837270915734252164e-02 5.826468892223235496e-01
3.290388861771096907e-01 -1.741538761494688947e-01 1.318211405157089641e-03 -2.069721990070113454e-02
3.040655046348383905e-01 -1.792163095547817109e-01 6.377982065135491541e-02 -1.347316391542402736e-01
3.074791915181617763e-01 -1.771762506260084469e-01 1.016674095919652965e-01 -1.200780274485918758e-01
2.801645989727061248e-01 -1.461296070211998976e-01 6.642489729369140117e-02 -8.544028041058880640e-02
5.513259458339466734e-01 2.158355636978169234e-01 1.879038958635973477e-01 2.006731570822684940e+00
6.231345202073712564e-02 -3.502815985515845415e-02 1.997016249532620191e-01 2.417521702798648003e-02
1.471778434059271001e-01 -3.952768393386031920e-01 3.185342832408866176e-01 1.396251744650484905e-01
1.701106798486337890e-01 -3.541767192922745111e-01 2.266450353284533981e-01 9.322230722974413075e-02
1.410066657335393436e-01 -3.947722711369405224e-01 2.699967221732775258e-01 9.146626548944379598e-02
1.361689641287089914e-01 -4.013464315977566255e-01 2.559540794199479108e-01 1.022838574777597959e-01
6.611851383562296347e-02 -1.404475125392182500e-01 1.306722156524551572e-02 5.188375605747934383e-02
8.785922162800988033e+00 -1.010456109473022890e+00 2.134161347066013958e-01 2.382858253843330498e+00
6.480946851736840486e+00 1.237198666744705911e+00 1.547085796961693793e+00 1.948186100791556630e+00
8.375604592247620772e+00 1.491496604847885266e+00 3.323943012772681449e+00 -6.956026146551363532e+00
-9.181143018023385505e-01 -1.080706993962079476e+00 5.587330449977359059e+00 3.339652937824322709e+00
2.729071394555878882e+00 -2.188633535168979627e+00 -2.488998071486575370e+00 2.179553634002995288e+00
7.006681816214281877e-01 -6.395285247892866565e+00 1.898063564378814849e+00 -1.442111882271609469e+00
1.909292802063729644e+00 -1.977456419808317767e-01 -4.952758203201452769e-01 -6.834029337640756818e-02
-3.066833079594597500e+00 -9.445774511366350268e+00 3.476870420716962951e+00 3.392151542580347012e+00
1.093246131182374459e+00 9.029917651720104077e-02 2.888823000901729277e+00 9.545675408472532597e-01
-1.070745808819923983e+00 1.711588135807345368e-01 -1.479725090686587752e+00 2.616712666048763225e+01
6.105341395770317092e+00 3.032131720831062971e+00 5.824798727195807047e+00 1.354744306906174778e+01
8.264947968917375931e+00 2.784446719775069745e+00 1.077948586548413168e+01 -4.343410969727006687e+00
-2.629847412431958187e+00 -2.170421763031836093e+01 -4.656766892517085310e+00 -4.969124352498596742e-01
2.915945182363227417e+00 1.723744637433317628e+00 2.964663050264296551e+00 -1.863411386605137166e-01
9.614932051194950979e-01 7.310022583393463447e-02 8.732422309590882614e-01 4.894099453789254039e-01
4.739400432980436784e-01 -3.451730350969349104e+00 6.469242354609736623e-01 -1.362426392670668118e+00
2.346595217036848147e-01 1.644080263362620101e-02 1.779917509902730899e-01 6.814275465047813472e-03
3.570847026830374915e-01 7.099425223302454138e-03 -6.031747450895913985e-03 2.413841862448692921e-01
2.980058966518359220e+00 4.436315255646492428e-01 -5.361537743046304039e-01 -1.769009656589245916e+00
7.875304647251182288e+00 -6.854562028625577064e-01 -3.754373631700337555e+00 4.415040987818323326e-01
-6.966616196086851120e-01 -6.781013310975740893e+00 4.216281759434360232e+00 3.144079919436592041e-01
5.473995120485104088e-02 -1.207171408248139816e-01 8.252184524257584475e-02 8.912556527514736704e-02
2.228083366823448319e+00 -1.513413176483855045e-02 -6.887708826023383191e-01 2.977180311907782873e+00
8.345411911827287810e+00 4.299129365916657619e+00 1.168001925056803891e+01 -7.229970629276389893e-01
1.454296448735949321e+00 -1.954212661305531951e+00 8.406070849290094849e-01 7.067392412399896573e-01
5.463974403889840757e-03 5.951198550433830885e-03 1.971719783865455988e-01 2.075240077761073831e-01
1.028187886295901798e-02 1.429349758691844056e-03 2.016483038492710711e-01 1.828738627747037437e-01
-9.511002616754277161e-01 -4.208687164244018231e-01 2.358314486034593571e+01 1.197239995139396385e+01
5.796058392929908543e+00 1.563248645025527406e+00 4.192825610223390065e+00 -2.538562488029682207e+00
3.942127249199673500e+00 -2.945965739909922387e+00 4.506449946851090460e-01 1.372151194148929276e+00
2.681885245500425022e-02 3.669476529140541570e-04 1.730117446964456462e-01 6.852503577764527121e-01
2.337595784157043555e-01 -1.814967427163953095e+00 2.775905450695136167e+00 3.283966191112051014e+00
1.241489463716808628e-01 -2.119925520804900598e-01 4.298727197435988079e-01 1.604695104449702439e-02
-6.468007806724831478e-03 -1.681220857654079290e-02 4.104196737898371250e-01 1.831992947543875649e-01
-9.689101032719346640e-02 -2.196670802407287015e-01 1.801709904522333261e+00 1.046427577186079087e-02
4.450208936807686921e-01 3.044479356991857677e-01 5.083821393101994879e-01 7.680139369672758232e-01
1.186633803291899381e-01 2.970100729465629044e-02 1.198906561411514082e-01 4.400151625110949698e-03
1.377439374910971182e-01 1.933671786712762297e-02 5.537632148742557131e-02 -3.830938839933717074e-03
8.485638126043885121e-01 -6.928707340319758545e-01 -3.883281175984686362e-01 -2.665613548538227628e-01
1.348250555254647785e-02 -5.839077034728298865e-02 1.186773144589386847e-01 3.042621497201379310e-01
5.308094105651198213e-02 -1.356396025033937414e-01 2.685132816907910835e-01 1.726493072970167464e-01
8.529269766777947473e-03 -1.169786189447623137e+00 3.529712300226858224e-01 3.823687345100841295e-01
1.775016446491270161e-01 -1.656610535318497002e+00 4.317430926649168388e-01 4.906228254764439356e+00
1.474373170869563467e-02 -6.095446632589709285e-02 3.981044477764336675e-01 7.173051078973034789e-02
5.450319032387286100e+00 -2.315253951824444822e+00 -1.254477121428287045e+00 -8.965045565497530289e-01
2.865846370582156410e+00 -9.159284603068121866e-01 -4.120182413769246099e-01 -1.526884048427314733e+00
7.251292803263263975e-01 -7.180296500822866967e+00 1.785311003914897166e+00 7.351871157742306817e-01
1.473283719051269092e+00 -6.492301660367433280e-01 6.993133330884678811e-01 6.947124142522471679e-01
1.176415835678833011e+00 -6.522200410491449940e-01 -6.225389942661797571e-01 3.415865871989064995e-01
4.853726500647447817e-01 -2.429341237679488952e+00 4.995831895001996870e+00 4.857684194914777542e+00
-1.609779271581228133e-01 -4.606156768729087747e-01 5.176103255123357672e-01 8.943727842023504460e-01
1.844769838787091887e+00 -5.783717035154883668e+00 -6.090754176848959256e-01 -1.489553784966491490e+00
6.576664077317613710e+00 4.078223124370388142e+00 1.187001449220517424e+00 7.682122214790000569e+00
7.236027262487877421e-01 -1.581447064275200542e+00 1.391176554667608034e+00 2.756446527010487091e-01
1.872551460386558814e-03 -1.920471521481062205e-01 1.582953159379476837e-01 3.906672814927059090e-01
4.048269527224251929e-01 -1.447369400955958174e-01 -7.035321338342555297e-02 2.682761641281966244e-02
3.607756884283934706e-01 -1.272411031263189773e-01 -7.713048779702005864e-02 3.493616404833303074e-02
3.486224490632000017e-01 -9.017957145442064004e-02 -2.896020538348565571e-02 5.446972591788987877e-02
1.233817069980411851e+00 1.079383521848488403e+00 1.933322298126772809e+00 2.894918643166278227e-01
8.101662562611859630e-02 -1.478922128091401111e-01 1.957175169051317554e-01 -2.908016915456776777e-02
1.200686777654493276e-01 -2.415265660157987493e-01 2.668473000966448683e-01 -8.240716417720715670e-02
-2.756742972613343001e-01 -1.472487996428631485e+00 2.176284665863348899e-01 1.813947887217433497e+00
5.233977041470504882e-02 -1.407410373544939509e-02 1.523328897680617522e-01 1.973794948907697799e-02
3.893147125760140770e-02 -2.538845413971812723e-02 1.403187648513380126e-01 3.311591743124709525e-02
1.228063448608454795e-02 -5.234296790843273595e-02 1.127889496148519050e-01 4.917876879614728469e-02
8.070243125737628156e-03 -7.016201852871115086e-02 1.050491486961740301e-01 5.788654719468370319e-02
1.186231467529538092e-02 -8.218683831817534535e-02 8.395098012574236934e-02 5.708780481420437647e-02
7.381658508383422308e-03 -6.510145939293000839e-02 1.033201921400737078e-01 5.515334851109698205e-02
3.406072132949490572e-02 -4.555873066147927974e-02 1.371917646679690628e-01 5.001157183312247324e-03
3.641554518029006815e-02 -4.870848150015865546e-02 1.466766618446200821e-01 5.346917453710214874e-03
3.595476695161944208e-02 -4.809215658408892008e-02 1.448207123566337129e-01 5.279261095938739962e-03
3.406072132949490572e-02 -4.555873066147927974e-02 1.371917646679690628e-01 5.001157183312247324e-03
3.513745704254320895e-02 -4.699894421038845055e-02 1.415287037223461886e-01 5.159254966789637332e-03
3.641554518029006815e-02 -4.870848150015865546e-02 1.466766618446200821e-01 5.346917453710214874e-03
3.595476695161944208e-02 -4.809215658408892008e-02 1.448207123566337129e-01 5.279261095938739962e-03
3.461348184240594511e-02 -4.629808867695970470e-02 1.394182057779924377e-01 5.082319357860602335e-03
3.755258766152588801e-02 -5.022935980605707645e-02 1.512565080256252914e-01 5.513870117975805049e-03
2.682138624716059322e-02 -3.587558525790068842e-02 1.080327475890169586e-01 3.938201049788586129e-03
3.768640064022572844e-02 -5.040834454911709978e-02 1.517954877643610534e-01 5.533517961988640606e-03
3.641554518029006815e-02 -4.870848150015865546e-02 1.466766618446200821e-01 5.346917453710214874e-03
3.768640064022572844e-02 -5.040834454911709978e-02 1.517954877643610534e-01 5.533517961988640606e-03
3.521475308386703279e-02 -2.822225095693032051e-02 1.485270702128267950e-01 3.171984553950105146e-02
5.167511851069050283e-02 -2.342353203635976280e-02 1.869092367662808785e-01 2.211499496462391093e-02
2.239588687721765989e-02 -1.765472899138394725e-01 6.854649591862378710e-02 1.433005477849323694e-01
1.359251637548275937e+01 3.700192217542181528e+00 3.846604286211909862e+00 -1.151719472517781107e+01
-5.496645365501012098e-02 -1.284260999603795694e-01 1.488989683791199115e+00 5.700096293001130632e-02
3.666573232143910399e-02 -8.709824840148514685e-03 3.138805806552996680e-01 -1.878538396829024237e-02
2.647877011631191019e-02 -1.343558057709491951e-02 3.131120110186613181e-01 -5.151370147572982214e-03
3.070921503750291201e-02 -9.634996270900331519e-03 2.959975315472997415e-01 -1.342330947780861518e-02
6.049905914807433144e-02 -2.289405067346419673e-02 4.317389778350347318e-01 -6.114461487027879338e-02
3.910519107800116551e-02 -1.672631179158796597e-02 5.650119735985740244e-01 -3.707411634828861047e-02
2.517595857898380710e-02 -1.641477570520387744e-02 5.071420225824745387e-01 -2.845609241710784880e-03
2.360955077737999716e-02 -2.281985248224528695e-02 5.510229257292741378e-01 1.216231053914976906e-02
-1.986955914479408558e-01 -2.580876665534350689e-01 1.511457779960211356e+00 1.868801980971193932e-01
2.431155787497157536e-02 -2.049281178636722101e-02 6.195596284977374912e-01 -4.077700096994866380e-02
-4.118567874135501024e-03 -9.183247390261299603e-02 8.399926803496917671e-01 -6.696238913582835961e-02
-1.555266346134276390e-01 -2.279903315157507937e-01 1.489764344889283887e+00 7.295973560841392813e-02
-1.107638451599164270e-01 -2.169255458064630326e-01 1.710438680688947333e+00 3.113362197747437249e-02
-1.263059328934885706e-01 -2.206862088809999900e-01 1.695682089827039940e+00 5.417357881491818850e-02
-1.573587270658440285e-01 -2.434263531878482489e-01 1.657427928239201043e+00 8.618827591974753677e-02
-1.161416398662071525e-01 -2.107636528030646383e-01 1.662545316456923050e+00 4.461875971000123231e-02
-1.412613611827507887e-01 -2.213661120391447745e-01 1.590491925834916387e+00 5.193948995446166089e-02
1.414726830557849979e+01 7.613010308652160774e+00 4.362997454755344506e+00 7.632400655672020306e+00
-3.633428617466579191e-01 -1.816680783998469328e+00 1.551970228607503222e+00 1.120274461622657869e-01
7.099150755279690195e+00 -8.157909903832409881e+00 -9.393187628657711841e+00 3.759546433585394531e+00
5.462408810456008679e-01 -9.106587285425247202e+00 7.270236242742574184e+00 1.798799131253931132e-03
9.901726999226385217e+00 2.132326873150188984e+00 -3.477491840840397863e+00 -6.054447125581661343e-02
4.831771674349937817e-01 -1.011557922984790814e+01 -6.186866868480329629e+00 2.433754086577675224e+00
6.776735370600608377e+00 -8.389466979753926745e-01 -1.653173316258993220e+00 -1.815478177312864205e-01
5.903464028038870381e+00 -2.120036324884428502e+00 -1.598921070733855532e-01 -1.722565518259947304e+00
2.339896729736619108e+00 -6.366826083015205029e+00 -2.081397747040136359e+00 -1.824482758127524695e+00
6.119658467647858480e+00 -4.071862132893807384e+00 -4.708770641198146478e+00 4.465624827715760858e+00
-3.019055372544123261e-01 -1.543532624382942142e+00 1.831877092265381091e+00 2.261732679936546919e+00
6.887689324099590671e-01 -1.854103514194058056e+00 -3.525817651798986985e-01 5.919234244792954264e-02
5.078265169531625212e+00 -4.498291834114386822e-01 -1.702562461616344169e+00 3.509346933446235717e-01
4.912495827975743752e-03 -1.228399491661124748e-01 6.042778747634175440e-01 5.551781658905132755e-01
-2.682240597062874321e-01 -1.046239259959505841e+00 1.326324656394353596e+00 1.906777125528270833e+00
-3.695429788418829603e-02 -2.159575764060407688e-01 6.176949563519695818e-01 1.274582881345203422e-01
-3.053179033255225272e-02 -1.843039548241543479e-01 6.223117630944851042e-01 7.394175371226491267e-02
-1.633926269629716252e-02 -1.865685855897734058e-01 6.226406982808168067e-01 8.426525362386380613e-02
1.099964131850842547e-02 -1.778689448169560594e-01 4.691298435484947960e-01 3.918381811320238023e-02
1.482630110852696005e-02 -1.581634121900516998e-01 5.416088454422743892e-01 6.703270272996783574e-02
4.351261480466125597e+00 -1.418845882879872899e+00 1.949869604967857661e+00 -1.125417549526802619e+00
-2.529976607560966984e-01 -3.304042571624502544e-01 9.881249376304019894e-01 1.005631907167575223e+00
-5.452605008797593855e-02 -1.748491805529308607e-01 4.939919245406919068e-01 7.275178535814480485e-02
1.982819347581397246e-02 -1.193006094493337665e-01 4.050928050829626370e-01 -2.011889486105784136e-02
-2.450546525307555068e-02 -1.318211232706127389e-01 4.340645739945543924e-01 2.597285620176281382e-02
3.697148953165427156e-03 -1.100019231766654892e-01 3.934745896931410858e-01 7.803746841485190849e-03
1.850180996357867272e-02 -1.040562226901619730e-01 3.020932290811119691e-01 2.448931004257080823e-02
8.782519040447996084e-02 -7.576870792038663260e-02 1.587489937078083169e-01 -2.035626507570425722e-02
9.623163064921555487e-02 -7.549815838426077175e-02 1.417020365749826760e-01 -4.340415245521282023e-02
1.022559953597918514e-01 -9.222989446053012075e-02 2.013109185349531705e-01 -1.155063211418914243e-02
-2.370520149327663001e-02 -1.013200010804031770e-01 1.730097451034666167e-01 1.270558592552035737e-01
-2.297879044418120117e-02 -9.821519860487749887e-02 1.677081158184345611e-01 1.231624192419869673e-01
-2.322966899966657367e-02 -9.928749556552618483e-02 1.695391247195293105e-01 1.245070857467161229e-01
-2.542482569672736836e-02 -1.086699629105487147e-01 1.855602288104754305e-01 1.362727533122913004e-01
-2.425659301980771440e-02 -1.036767408060569051e-01 1.770340141013227175e-01 1.300112243133446921e-01
-2.456745332882578209e-02 -1.050054098264196351e-01 1.793027930796938785e-01 1.316773828432284410e-01
-2.446537254441366258e-02 -1.045690994584244776e-01 1.785577679637453397e-01 1.311302471531727576e-01
-2.335170585807181190e-02 -9.980910153580201116e-02 1.704297969954821912e-01 1.251611826085338719e-01
-2.034877906114664417e-02 -8.697408950710738829e-02 1.485132737443401185e-01 1.090660043173043575e-01
-2.335170585807181190e-02 -9.980910153580201116e-02 1.704297969954821912e-01 1.251611826085338719e-01
9.896299401101590121e+00 -2.329516961736766145e+00 -1.896758756960526870e+00 -8.386992489669603534e-01
1.008090317304149858e-01 1.851590699075288948e-01 1.097366377284471284e+00 9.574055416601223722e-01
4.351832516573649556e+00 -8.153925908348557128e-01 -7.126262112176824370e-01 -9.322938638299633433e-04
3.035370351760415808e-01 -1.078425380746373285e+00 4.442963658173136876e-01 1.382962319702222831e-01
2.393645072707953680e+00 -1.118411264617181100e+00 -2.751067716262505791e-01 -5.432172384573615842e-01
-1.375126009601652932e-01 -4.700567082483299575e-01 2.263640294423955313e-01 1.147643090012770012e-01
4.929488986125170613e-01 -3.519126850929991668e-01 -1.036328790662131433e-01 -1.858731494302550691e-01
5.733772866036882521e-01 2.461746228743431630e-01 2.418202027220428263e-01 4.178819635498815660e-02
3.847181396062352432e-01 1.815372878216771069e-01 2.249874141702827290e-01 5.556077431426169611e-01
2.841572599341255501e-01 -4.617210419304209473e-03 4.247639414647086387e-01 2.164023495752315229e-01
3.098042983526146932e-01 -8.055856007191575241e-02 3.044538642438346376e-01 1.558910370166262938e-01
2.985694023937374153e-01 -6.878836363078465188e-02 3.624899003618468618e-01 4.512134362542149363e-02
2.382914710415883208e-01 -4.804964908268617718e-02 4.211064868877709699e-01 2.055282861658321025e-01
2.304264118603461253e-01 -2.089016397058617719e-02 2.870471914610147612e-01 2.832499754355594090e-01
1.290958266497989060e-01 -8.962936441871401094e-02 3.323861963185690827e-01 4.123771431180749958e-01
6.227899809858693236e-02 -1.771209537518326493e-01 2.917982655252240876e-01 2.585939287843054823e-01
1.933860541722028439e-02 -1.679175145071734321e-01 3.715285339626421823e-01 3.386385234376505515e-01
1.230255448068667302e-02 -2.349290093029500481e-01 2.340772895284974897e-01 2.295735578844496916e-01
2.031117695104944429e-02 -2.441541790563695746e-01 2.066893230596442144e-01 2.793882636686220722e-01
-5.250082295481156569e-03 -3.057616263953091829e-01 1.084974510655296737e-01 2.625446216345793671e-01
-4.442485469805943638e-02 -2.273998279831037916e-01 2.833765166736552654e-01 3.004784178090582070e-01
-4.316261530123185314e-04 -2.684609627653851138e-01 1.931852751550764413e-01 1.810080967837949251e-01
3.598701846911533941e-02 -8.139573673650600805e-01 -2.325304336317899345e-01 -4.315779013804216940e-02
7.976492828258669940e-03 -8.651495056208713397e-02 2.193002621186456169e-01 3.004627659204026635e-01
2.886664506158054602e-02 -9.415588684065619163e-02 1.913108759824840854e-01 2.456780637058395000e-01
2.311259577543052224e-01 -8.044778772560302882e-02 2.942590680014818549e-02 -1.456668238566256601e-01
1.052214234443726304e-01 -7.860924188979993843e-02 1.008364948274890899e-01 3.152553137228439328e-02
1.995750032910897920e-01 -8.609759815864417853e-02 9.389087815814448068e-02 -1.026298340887394911e-01
1.655052475092681219e-01 -8.671565658626123607e-02 9.291095458343041555e-03 -1.328783551990650458e-02
1.113208653622523719e-01 -8.730104254490710092e-02 4.410826321757670837e-02 -1.602341867936301484e-02
1.164779353279325580e+00 -3.129966337033209811e-01 -1.643911304120671546e-01 2.023545022662766868e-01
1.219409161006187681e+00 -3.844672428552035059e-01 -2.594364101826459046e-01 2.798996115693659359e-01
8.483091567565630431e-01 -2.164969584631228072e-01 -6.659271077563764241e-01 4.680593259979807796e-01
4.246393782336408407e-01 -1.775299730786719654e-01 -2.678856744433190662e-01 5.525139741549698336e-01
4.336232912814336760e-01 -1.243474836838578401e-01 -2.304623037736141800e-01 2.758879250725386756e-01
1.686597398105308399e-01 7.674101939117910186e-03 2.653540184628638832e-01 1.538094386329684760e-01
2.811529768451039024e-02 -2.888991184511682016e-03 7.381786448880535145e-01 5.173630694723837381e-02
-6.223491204371123936e-02 -9.618754232767441625e-02 1.258651441656905678e+00 1.007801418406554655e-01
-7.231877309907702722e-02 -6.828146499152329407e-02 1.275142635972716709e+00 1.042900148759611928e-01
8.969180081344194089e-02 2.648382463817041885e-02 4.657946183556953557e-01 7.973473988440834409e-03
6.668705913930352003e-02 1.754789977138183216e-02 4.003220649847510360e-01 2.053065759981451827e-02
5.625080932818833646e-02 2.996040242919912212e-03 4.709247929241754949e-01 2.606181644762164268e-02
7.912464480054054450e-02 1.578487207509560522e-02 5.387827770491649959e-01 2.541069710728370568e-02
1.169029252755133669e-01 -7.444305972123485549e-02 -2.535450693111365381e-02 2.173574568630966819e-01
7.708029963994358913e-02 -2.040650742194215217e-02 7.679652996946252641e-02 2.018592824694873389e-01
8.077870453920112104e-02 -2.297386762237281846e-02 6.326251398054627550e-02 1.714924956840634118e-01
1.037790861293254041e-01 -1.470286386096116525e-02 4.810918709376835189e-02 1.307653145642503345e-01
1.764756355716991520e-01 -2.592458938392385934e-02 2.259212736812164085e-02 9.780456186952486697e-02
1.493106842990144512e-01 4.052873224682768290e-03 7.376774786224074565e-02 1.089855499717672649e-01
3.578805200541634174e-02 -6.796506682861601367e-02 4.316464937665700496e-01 -2.738962001728547811e-04
7.158377589982488354e-02 3.364456340930570711e-03 3.772448854979827404e-01 -2.451093070792485784e-02
-8.363410894026750142e-02 -1.458013747929380044e-01 9.617097663451614764e-01 8.360400385752350672e-02
-1.716377310348877194e-01 -1.929947842077971432e-01 1.386696822802896190e+00 1.016059544651868179e-01
