5.006565958023561080e+00 1.294808985363699927e+00 -1.143311217449116013e+00 3.120486448558875692e-01
-5.770211068144219350e-03 1.339807812873688719e-01 4.008151475071276143e-02 1.562755609890219277e-01
1.157688188636911940e-02 1.259131112656099449e-01 3.405669702425678791e-02 9.725829122287975304e-02
-6.474241667704448699e-02 1.815740396974118154e-01 5.602324201576557028e-02 2.151802245526703017e-01
-7.348284230804203072e-03 1.849580131994875420e-01 -5.137696445650653809e-02 2.523841155011057880e-01
2.230722989801146028e-01 1.310472447587123501e-01 1.210885893730706819e-01 1.113037795125340068e-01
-5.282369212733421110e-02 2.628881018675992554e-01 7.874382025554189923e-02 1.544271516908171937e-01
3.865182480839429724e-02 1.603204871097774764e-01 -1.018552086346394443e-02 1.767244084456452147e-01
2.142213819435017097e-01 -2.791312581016611519e-02 -4.257539070309517698e-02 -4.079000602048672708e-02
7.168158908707898680e-02 2.715682051359732604e-02 8.432450950292827430e-02 2.721745471634045566e-01
3.777981464500457937e-02 7.174180303464283703e-02 4.968742865149815280e-02 1.952264297598754750e-01
1.424806195504832174e-01 -3.584002014327209579e-02 6.464177715580250727e-02 1.399188033872425796e-01
9.294933924689146448e-03 6.048838435284782655e-02 9.057441596703692810e-02 1.937260302393440103e-01
1.546218639959350827e-01 -8.969589737154863573e-02 3.507510486110685943e-01 3.548921656907437217e-01
-7.466449431253405211e-02 1.171021337336938389e-01 2.693215347068118048e-01 1.898419462567930704e-01
-2.846859453314653371e-02 5.750930828891730462e-01 1.343714619964128665e-01 2.681224207132372195e-01
-1.966413560683371101e-02 3.848893437243345872e-01 1.486891097275599982e-01 3.375940912491164902e-01
1.523082387903592905e-01 -2.941145541656837656e-02 -3.646200375243097147e-02 -4.500760962824424533e-02
3.351148908782352054e-01 2.588082657558170019e-01 1.434219689001123565e-01 -1.916341148055122623e-01
1.407107624290975911e+00 1.106543743797986645e-01 -2.218693660335238349e-01 1.437927060310094651e-01
1.160264582712050796e+00 -5.990516347694285759e-01 -2.928467257236347931e-01 2.013356262513763983e+00
2.041730504234740284e-01 2.952619555310137756e+00 -4.175394967472810248e-01 1.153012449726525723e+00
4.293552006147681732e-01 2.856767442365890641e+00 -1.385923812311620207e+00 2.763697759984646396e+00
-1.927366064192485573e-01 1.202921288555296453e+00 7.896548836396051207e-01 -7.696308346997157712e-02
3.425936339429976329e-01 -2.421241887685081362e-01 9.828759319290829577e-01 2.466765090592261345e+00
1.812486364076937972e+00 -5.088869819330908983e-01 4.358349007772399641e-01 -4.945893299654980368e-01
2.267967879301052925e+00 3.833114126702199975e+00 -1.551787952275778926e+00 -1.126614189669640886e+00
4.078751489342417713e+00 -1.953211509394595202e+00 -1.577660132128298365e+00 3.248505700741786129e+00
3.592635973120653636e-01 1.445365491824840143e-01 4.771361063851702750e-02 3.935430192721552090e-02
1.280576083356442518e-01 8.809067258682700796e+00 -2.801693540447375508e+00 1.045669743838608008e-02
5.308708699545401366e+00 -1.739894794272217604e+00 3.785074531637230510e+00 -3.700390740640223886e+00
-6.016531321613137751e-01 9.515471829740908660e+00 -2.806380123841840102e-01 -3.850973193092604996e-01
-1.182555786962506295e+00 6.005790640889910215e+00 1.586727371554951471e+00 1.784100478110323795e+00
1.915865833442731203e+00 1.617296383919683667e+00 -2.447531497417810287e-01 -1.287794255033317015e+00
2.611239014173745598e+00 -7.862099772040478385e-01 -1.810594988591287091e+00 7.033213221514982294e+00
-1.783738379889031389e+00 2.995473783668846313e+00 -1.619279858137937234e-01 1.320438988201526520e+01
2.406498476527778152e+00 6.493197270304849056e-01 -2.138802335307324887e-01 1.980020591914238404e+00
2.612499823030918655e+00 1.450912213720912280e+00 -5.357974358971065998e-01 -1.272124107756386735e+00
1.183534475562421528e+00 3.950926195294502286e+00 1.231855759698180508e+00 -1.187853022742342279e+00
3.804762671126183715e+00 6.892910196933181854e-01 1.055579166648547007e+00 -1.284526296347520413e-01
1.248425551609252948e-01 -1.520002115751848404e+00 6.256125699246222194e-01 1.511467521820233451e+01
-1.600064605679632157e+00 1.324014463762692273e+00 6.592646724381176604e+00 2.616322139253610235e+00
4.139263943531322099e+00 -2.463683858070566224e+00 3.110357064669221572e+00 4.188666701445693974e+00
1.505629105878894425e+00 -2.996964414165871893e-01 3.322341908154875956e+00 4.020987648449159124e+00
3.255897760680947606e+00 -1.331203890437667070e+00 1.079468932097668032e+00 2.376511561169017295e+00
2.053856478444969769e-01 1.205649400530507842e+00 1.331559103174366765e-01 2.172964531872486824e-02
1.370649930950349205e-01 1.570895457383238325e+00 -6.368427269778960120e-01 1.897646511054108809e-01
1.305720497607677499e+00 -9.173033718833636385e-01 1.201004470451894957e+00 1.747706971600942349e+00
1.428430398175224436e+00 -5.092762927253154798e-02 5.927038436792673615e+00 -2.824984576017476101e+00
2.624051502540850844e+00 1.855855168449016768e+00 8.671630348749242989e-02 -2.630150483555235397e+00
1.192619593369664388e+00 2.480962641753275300e+00 -6.452698849491244060e-01 -7.093661078987102409e-01
9.210036187693502185e+00 1.415029898357885951e+00 -3.087719530540689927e+00 -2.895355966623822108e-01
4.295439319616931151e+00 1.406557833905423438e+00 -3.230092895395032304e+00 2.776379978056509046e+00
1.053745296482435423e+00 -5.735210447391720923e-01 7.479809331484155166e-01 9.903191884286269842e-01
7.400000271997018153e-01 -2.309473118166223138e-01 -1.268349313850679894e-01 1.094836415324302692e+01
-2.625003212857609028e-02 4.950620480214512065e-01 -1.356377150973274992e-01 2.376372992564834419e-01
-9.608444370056794248e-02 1.250776405986291362e+00 6.756023150642680442e-01 -7.483518175742678857e-02
3.101518290903022002e-01 7.273258505334365687e-01 4.017414838259390497e-01 1.111570844114937312e-01
1.379319470441267015e+00 5.394576746620414198e+00 1.438411591468189421e+00 -2.023430288095553031e+00
-3.349223659475741854e-02 1.386734524037292471e-01 2.049664566593359105e-01 8.018072068893111748e-02
2.383087951782003167e+00 2.363191656949806818e-01 6.559698260310223183e+00 -3.069608504982367592e+00
5.267665402112985618e+00 -2.131970698418688581e+00 2.913232392576310947e-01 -3.658772521263400357e+00
-1.661476691512350223e+00 1.516114700863991471e+00 1.155461461265075229e+01 1.257932485131466223e-02
-5.150523731415317386e-01 6.240333613457200723e-01 7.321996289317791451e+00 5.794407829615554339e-01
5.364194377898338084e-01 2.307074717499997818e-01 2.381831238227364089e+00 4.029170914414542115e-01
-2.826092284441272806e-01 1.588778896959263387e-01 2.567447376267371517e+00 1.631739880558343625e+00
3.527212980149490029e-01 2.599771634375502294e-01 -4.348688491370352599e-02 2.322969653375277777e-01
8.444440959339610808e-01 4.366655572876432245e+00 -1.007510539638756475e+00 2.045488622408150103e+00
1.757597934178199983e+00 2.154174573558733652e+00 -4.169177059961141074e-01 7.148059480216534256e-01
2.681599372216055821e-01 9.506702752049398519e-01 8.794439203941648131e+00 -1.478126380850214749e+00
2.553362584434804017e+00 -3.107091660214347795e-01 -1.678986211054089572e-01 1.398635560771237518e+00
-2.103439477926386802e-01 5.064086619620044027e-01 4.868209998779948755e-01 1.941151418488458624e+00
2.970524702466530886e+00 -3.414148506569505415e-01 4.506122784146288751e+00 1.902301907030979067e-01
3.759856177316595605e-01 1.701239539661204114e+00 -4.481047003764944137e-01 7.274438321964885601e-01
-4.369726610158833346e-01 9.130555751848611123e+00 3.927286548563059032e+00 -2.583007287858103407e+00
3.333526459148699050e-01 4.975295412651258298e-01 -4.628590405561202048e-01 1.241998075458812384e-01
-1.079212882771065640e-01 1.990714750269892142e-01 2.636405658902884586e+00 4.753550895443089397e-01
-1.881555596005541675e+00 7.719046721612398798e+00 3.322074691147605119e+00 2.610205403241334210e+00
2.363861179789702227e+00 2.135227608257970644e+00 -2.132701678740115625e+00 -1.105391649218503858e+00
2.929317185582896443e-01 5.553777107494555221e-01 1.332940729378915279e+00 -8.108770164100507216e-01
-2.443140026248170893e-01 3.977292872204857832e-01 5.186670513858571141e-01 2.534580111590803986e-01
4.238293410694832231e-02 1.880883592294280149e-02 1.837497197936485693e-01 6.598850384624708187e-01
1.422319229775577565e+00 1.098462965166988881e-01 -1.562914899430872806e-01 -1.398160061251658426e-01
-4.388574865465661064e-03 1.577183437099230756e-01 1.359414096229436320e+00 4.813272108611461042e-01
1.915113637160797744e+00 6.166441901614299503e+00 2.032517895221070070e+00 1.284850978209985950e+00
3.371550169237559902e-01 3.339806063964865790e-01 1.201334538462945911e+00 -4.505711512761196857e-01
1.428867923949542484e-01 5.531482709047491782e-05 1.900793119115290197e-01 1.081839651907592570e+00
-2.415357755167875653e-01 3.736049466998200841e-01 6.329779880094200673e-01 1.034444445781167454e+00
1.359764582576323266e-01 8.622812632583949366e+00 2.571756312534755562e+00 -2.460454367830895883e+00
2.497362693957678736e+00 -3.885406271170502822e-03 1.194164765185463217e+00 4.858543964247364483e-02
1.519724807184258397e+00 2.608074729919054313e-01 2.930923241334261187e-01 -4.398552059126428215e-01
2.537619955305738362e+00 4.938355318278669914e-01 -5.851832227729545366e-01 1.630178412471425142e+00
5.209748540813737838e-01 7.390258239645830507e-01 6.971781949909965082e-02 1.259343863589332813e-01
5.201674269436548093e-01 9.462844027490254772e-01 -5.232717019650861001e-01 3.981987118686045046e-01
4.185223915183970966e+00 1.041335606741277564e+00 -1.883568808110346104e+00 1.694477736468719409e-01
-2.102760364960408121e-02 9.989752416846475053e-03 2.270334169569238725e+00 5.212711864662067374e-01
4.341028648343860097e-02 5.529505298531339069e-02 1.808049540199496361e-02 2.608139969615064224e-01
2.576368132292441993e-01 -1.076202626882679092e-01 7.912972867542802935e-02 8.897372091586039922e-01
3.916559678272046874e+00 4.769841774858090688e-01 1.738748725775116633e-01 1.064837008923119166e+00
2.878408980997647415e+00 -5.267765459310074228e-01 8.048904593467136603e-01 8.412601780791064687e-01
3.727724455034720386e+00 -5.719331131741769436e-01 1.610501894226498587e+00 -3.247355002484379138e+00
-4.518825757475398719e-01 5.273031125627153370e-01 2.654989581200102755e+00 1.496262354282295037e+00
1.273067809569389919e+00 9.399638977674373841e-01 -1.196237621185132660e+00 9.536655890732895768e-01
3.027468877920360124e-01 2.912004498842840849e+00 8.403256925847647496e-01 -5.796983388514421742e-01
8.889555049992438063e-01 8.288444942726604092e-02 -2.665544670769764424e-01 -7.328142592183103932e-02
-1.349224625962392343e+00 4.241732397609458971e+00 1.557312803675661828e+00 1.557816780289869252e+00
4.463815095524145127e-01 -2.748762540022027176e-03 1.390340142221855091e+00 4.514394948363036342e-01
-3.799087121486809382e-01 -2.622123952486271614e-01 -7.286936629511483465e-01 1.176374854779968615e+01
2.657310193669733422e+00 -1.343122719342715543e+00 2.866671088710350812e+00 6.120506094242641026e+00
3.518221167445510389e+00 -1.047646038327337825e+00 5.214049057736763970e+00 -1.915745193700979065e+00
-9.953819102857147660e-01 9.644443240460432776e+00 -2.461536201901535215e+00 -1.533433541390855637e-01
1.289244226030634044e+00 -7.260315284091070076e-01 1.398856203166283896e+00 -1.256169167623696070e-01
4.348145937578272724e-01 -2.811667597814132558e-02 3.997676047331668592e-01 2.016618402763905304e-01
2.344390368148641102e-01 1.574893660905820170e+00 1.961761116356398882e-01 -5.795698990086454172e-01
1.075526610887176798e-01 -5.636434276100096841e-03 7.801233301718278612e-02 -3.603460689955993983e-03
1.657416614298128366e-01 -4.737700214248874789e-03 -8.257785893140615410e-03 9.902247891974906568e-02
1.363978513621681765e+00 -1.912321739221904959e-01 -2.858541237206516095e-01 -8.520496199655538394e-01
3.591205649253859100e+00 2.655123702502298344e-01 -1.732357393577580895e+00 1.032039489233914781e-01
-2.465650711630179015e-01 3.095249042860356514e+00 1.783117032856690098e+00 1.137508419154240613e-01
1.002586160788349945e+00 -1.670311309685123397e-02 -2.946171767721766366e-01 1.335882540693174247e+00
3.574079594927586090e+00 -1.743398019094242635e+00 5.637386131568786318e+00 -3.324404064783857415e-01
6.679935114769575133e-01 8.929323475488157857e-01 3.337163981887578124e-01 3.254772276625231275e-01
-6.530401623803104849e-01 4.534314271963286180e-01 1.107650263465372653e+01 5.533292041037811693e+00
2.557899033992229398e+00 -6.106953803230353861e-01 1.994229095118398520e+00 -1.194049437307590944e+00
1.768541664143394421e+00 1.337493238996188216e+00 2.047735323755779935e-01 6.344291945969700031e-01
5.002292994212634292e-02 8.400985314838529394e-01 1.342540380747669682e+00 1.549899634963214368e+00
1.997027259495645357e-01 -1.350714344527788879e-01 2.369893259693897358e-01 3.379518383227400058e-01
4.005247056083904855e-01 3.083369573082264670e-01 -2.082106357619359083e-01 -1.368532236279494385e-01
1.926555538875657225e-02 5.264679198475991084e-01 1.236248844239418165e-01 1.687938772370611296e-01
8.947582122181983733e-02 7.187845980075887597e-01 1.943468158472084761e-01 2.225938610995538802e+00
2.458633675439542365e+00 1.048077905225999640e+00 -5.948073706324367160e-01 -4.073851798665475976e-01
1.297274727074748668e+00 4.207212407398960852e-01 -1.996945894746990080e-01 -7.122048316119279354e-01
4.077987039447316664e-01 3.251194808462495978e+00 6.045179774363181879e-01 3.351799532441273044e-01
6.900346723578187902e-01 2.905820723677735029e-01 2.819308873119774628e-01 2.709072307469587715e-01
5.524028796232646199e-01 2.843999296354001727e-01 -3.195509639804660629e-01 1.319938910962727974e-01
1.927194200985883066e-01 1.125220722848543131e+00 2.376571585542587517e+00 2.160090499636951211e+00
-6.855106644645281300e-02 2.073080639502528910e-01 2.186387546525792314e-01 4.076900696133095026e-01
8.771233327964066406e-01 2.605447873415070337e+00 -4.038475556950241185e-01 -6.499248900356671133e-01
2.914009559863939725e+00 -1.849227546954079759e+00 6.619802741196491036e-01 3.442800372046747270e+00
3.150019302854239478e-01 7.365267659558075719e-01 6.226446511101021430e-01 1.532261395549504857e-01
5.461694321968502130e-01 -4.610737355019868811e-01 9.011461526077367834e-01 1.042601444103682523e-01
-9.692576499742804053e-02 6.518668617730331016e-01 3.844993134192060263e-02 8.188540617651753895e-01
6.081620055718413020e+00 -1.510376269485022682e+00 1.808614069025460180e+00 -5.360714315684013798e+00
6.275534569548569586e+00 -3.377570673267068724e+00 2.242838229793639115e+00 3.326656156955363652e+00
-1.738456441039557543e-01 8.366267512605893852e-01 7.063617207335867176e-01 7.504761811634930169e-02
3.459129310444115202e+00 3.517823220422625408e+00 -4.694372310654221891e+00 1.529509597762321205e+00
1.440208549228919055e-01 4.207554605919288981e+00 3.391047357720642808e+00 1.760865710221819203e-01
4.512076999152216494e+00 -9.865101116177246166e-01 -1.637049901555040377e+00 -1.666710938935452857e-01
3.809271278709550068e-01 4.444638413261013277e+00 -3.184096724024258585e+00 1.136335645845306885e+00
3.075165932630580912e+00 3.697255677824788367e-01 -7.593183861033103721e-01 -1.601927434343764223e-01
2.661994415364690170e+00 9.801419276737084463e-01 -1.042399149448273860e-01 -7.955577768347936729e-01
1.148333383248521411e+00 2.839617590619193166e+00 -1.116998729057742112e+00 -8.678418748211229605e-01
2.765522052014361964e+00 1.764011336433165100e+00 -2.162025916147131799e+00 2.050448829580889143e+00
-1.109869652993322464e-01 6.958545611171227385e-01 8.036744830008241136e-01 9.942870509180457006e-01
3.287657503400221448e-01 8.299089379229781516e-01 -2.015380573412497989e-01 2.810860549990472357e-02
2.311057254836428321e+00 1.915844932741088136e-01 -8.047833673877148319e-01 1.126218112014187728e-01
-9.656854549048841940e-02 4.759948878394156813e-01 5.512376283120190568e-01 8.472337792999770079e-01
2.036118479702606177e+00 6.875438512554006287e-01 6.836053364733996052e-01 -5.816234892306451076e-01
4.471750296669643632e+00 1.055915008067745298e+00 -8.765678285652133139e-01 -4.369885134764914247e-01
3.996243799645946004e-02 -7.291598313532358933e-02 5.022149921504529546e-01 4.344248940289356375e-01
1.967571949475314774e+00 3.705600769297019426e-01 -3.379611429499618791e-01 -2.413898455955591424e-02
1.531946395330172628e-01 4.913261128764657704e-01 1.564471559007231394e-01 6.096236493485762686e-02
1.085587877032973880e+00 5.093296992200772033e-01 -1.433916154953905064e-01 -2.556029581124696914e-01
-5.881215950307633333e-02 2.133740647842431171e-01 9.119446032904762744e-02 5.552956843250291680e-02
2.249521960320922387e-01 1.593233008117061200e-01 -5.727503179388881982e-02 -8.423073796744566522e-02
2.569423504164579652e-01 -1.078820213481936213e-01 1.164958211677912803e-01 7.204886054980257949e-03
1.724737531412091907e-01 -8.226209960868142990e-02 1.101351001680446196e-01 2.415206344812334260e-01
5.247790059744583679e-01 1.409514230607565033e-01 -7.250862210602719571e-02 8.572011393747293317e-02
5.505364917856999663e-01 1.714374572314900369e-01 -1.177555564280234612e-01 1.205219936847097967e-01
