3.606641938574405015e-02
1.874198371532110607e-01
4.088154901957074400e-02
2.101998090249841966e-01
-1.462481457608492399e-03
-3.205993582705077196e-03
-2.769547502982502851e-02
-5.958997538073964890e-04
-1.582283025585730666e-03
-1.212566217291970866e-02
2.629525426660919880e-03
1.340574974009255474e-02
5.381450433533067901e-02
-2.588363730640808047e-01
1.887173643714380733e-02
-7.126471678604426666e-03
1.502447499063649661e-01
1.411705673095445535e-01
1.014112504230874484e-01
7.826867581974353630e-03
4.651974107011265513e-02
3.900929813694521079e-03
2.386106407808243624e-01
3.320017142462818732e-02
1.984809524118806567e-01
2.467018134633607584e-01
3.908408228967582415e-02
7.702705531489201229e-02
-8.006660064200323002e-02
2.606784226763770532e-03
7.219307672985325781e-03
-1.768536858196369937e-02
-9.756843689893667654e-03
-3.599454632335198356e-01
5.359107413196712022e-02
6.938869192326513335e-02
-5.126453051890265261e-02
1.912515451046009340e-01
1.176199452456254818e-01
2.502376757245485250e-01
2.112925920507530975e-01
4.758090275442553724e-03
2.295235685515166404e-03
-1.569559170718065610e-02
3.646589298441559003e-04
-2.727883716601974678e-02
4.300406421564335196e-03
1.349455421639041419e-01
-2.168884455721401677e-02
-3.800788735100842780e-02
1.022063215200049030e-01
-1.406144400906567983e-02
4.004553909941635514e-02
1.645143923884159753e-02
8.156024037304331065e-03
1.662897351620411376e-03
-6.155653002971135570e-05
2.619854241323877134e-03
7.361751825490785682e-03
-1.225852581663434255e-04
1.759694601768542564e-03
-1.683890013388293291e-02
-6.113129090339360083e-02
4.739552784252585790e-03
-5.126399944945372184e-03
3.702248803877837991e-03
1.812241261015450425e-02
3.037338964769636680e-03
2.108615396163721067e-03
3.105466330182118581e-02
1.213033211075848980e-02
1.039215664245471751e-02
7.716012661318283339e-02
-7.712871596750776881e-02
5.566207304764179270e-03
-2.456767514388446226e-03
5.176716984088023527e-02
1.580323658705612075e-02
-1.426999002368598349e-03
8.925491227626753191e-03
2.925600123756347606e-03
-2.041839043067148265e-02
4.760691047445287337e-03
1.260373867449053886e-01
2.764819663523238047e-02
-3.797978688474393238e-02
-1.034365017768376083e-01
-3.252422902091914227e-03
-4.481938488096041430e-03
-5.682088027650594036e-02
1.029660709044674270e-03
1.934914131726436434e-02
-6.597140733812242863e-02
3.623993025966695640e-03
5.421723138929548241e-03
1.069782243138829927e-02
4.949771480510686307e-03
7.879007133206682167e-03
-3.377896451913389980e-03
-3.703449059571951169e-02
1.213040270729325888e-02
-8.496408460981479116e-03
2.051616130320857434e-02
1.176108430367368667e-02
-7.481333637264435399e-02
-4.595053341988577372e-02
-5.692479554389033206e-06
-7.407546093169771256e-04
3.863742518132861573e-03
-6.121563165242355177e-04
-4.293144709983121379e-03
2.990569161550226860e-04
1.444181306881991284e-02
-2.639603463891588425e-02
7.295793461889655933e-03
-1.148017243291889339e-01
-7.217446241222094140e-03
-3.360969254379646276e-02
-1.634315573887355766e-02
6.517020569281607723e-02
5.486631658504601688e-02
1.217787256853882089e-01
9.246473174175318110e-03
1.334548490836530953e-02
8.561578667750402091e-03
-1.358295723006526425e-03
1.931399087351787789e-03
1.203268449509222598e-02
2.247917010605031494e-03
1.062375549922917051e-02
2.396485958394273946e-03
1.406012632622860581e-02
-1.257971743121284042e-02
1.343210710236316524e-02
1.413496742586926036e-01
6.339659882929010726e-02
-5.818112568020067030e-03
2.903218784518588058e-02
1.806530264427771287e-02
-6.801383836419791322e-03
-2.177864067672533044e-02
3.220899689814020733e-03
1.829034826413006645e-02
-1.202852396450497345e-02
2.400857554824393624e-03
7.469940742966044156e-03
2.248195528593302083e-03
5.374788973231071909e-02
2.456310867125470129e-03
-1.646823684219494597e-03
-5.341221390162296731e-03
-9.204466368376355845e-02
-3.924314260307524595e-03
-1.552673052408165381e-02
-5.237295070428532248e-03
-2.925440226161478766e-02
-6.894608567598306537e-02
-2.989819630011940083e-03
-4.318187965999858470e-03
-1.731657563321442883e-01
9.026477170868189154e-03
4.828181313967570831e-02
-1.888001615214776607e-01
-1.517117219216288782e-01
-5.408152152705599305e-03
-2.115414911574978619e-03
1.576414423212492075e-02
-3.352327807634400414e-02
-3.162626434171181972e-02
-2.605669488047926419e-02
-1.745197509269665881e-01
-2.694636534803765329e-03
-3.176020067830172960e-02
3.046732227478137628e-02
1.010166242717792928e-01
1.434297062733712880e-01
3.247065025854566356e-01
1.093715136854225556e-01
3.137613517872704372e-01
2.620124444604449154e-01
1.452616483748936094e-01
3.481076871251079924e-02
-1.212604747972388652e-01
1.206069408681109678e-02
3.111921395899277902e-03
1.299731351570183012e-02
-3.162143590980592833e-02
-1.249060844884083282e-02
3.417428040651928484e-02
1.681899204381412122e-03
1.096238080239133605e-01
9.496304842102032406e-02
-1.756866331978299556e-01
9.831044840590463796e-02
-8.429754059829213872e-03
4.498617121823179910e-02
-2.392791280856163688e-02
3.827200436929785454e-02
-6.880274492420049640e-03
-2.993973457198794916e-02
-3.717411242884775813e-02
4.934805722862605284e-03
2.626887647100664691e-01
-1.478613140293267847e-01
7.202412167502421705e-03
-2.447190798154500191e-01
4.574015024572104793e-02
-2.544413130361905875e-02
1.133039404837101610e-01
7.866455875915691386e-04
-1.911287501633884020e-04
1.907601285430006802e-02
4.446350841990329844e-03
5.382043069387994032e-03
-7.943919431824960145e-03
4.429839996512675848e-02
5.215071473787370390e-03
-2.554585991455725954e-03
-2.968154027436886722e-02
-9.076609107922892217e-03
-3.562847230300937671e-03
7.334287862380834810e-04
-4.945485197419391410e-02
