-9.210739846558299582e-02
1.782347808812417278e-01
-6.598259499559369634e-02
1.569416735701657795e-02
4.323061223395741580e-03
-6.022546542570720272e-03
-1.084858697331747834e-01
7.760768921814212122e-03
-4.251304341609765669e-02
-1.452048146582297222e-02
-5.512748449649827048e-02
-1.266375859563057503e-02
4.952845266040922789e-02
5.740563766258175576e-02
3.249837325446143232e-01
1.339041019801613941e-01
2.820869122679043883e-01
-1.957450341219171136e-02
4.199195536389711825e-02
3.076884073315123638e-05
6.202487033855538789e-02
1.343299445344176739e-03
4.298904147896732697e-01
3.846388463572783523e-02
-1.433912040620846998e-02
2.187579628146472596e-02
-4.102302125678607136e-02
1.011650652287595792e-01
-3.208700849633532026e-02
-1.825360516647502040e-02
-6.418137761737567094e-03
-5.873665627615780663e-03
2.936745832208609037e-03
5.108442290181759438e-01
-8.145942992187010789e-02
5.486021061873983667e-02
-4.079714759471013419e-02
-2.756853989756890069e-02
-6.382351189177007389e-02
-8.872856458265139523e-02
-2.047576893920970142e-02
-1.720395477280127830e-02
-3.718127837306394790e-04
-1.465558853485161676e-02
7.048684873309568806e-05
1.296014216081638887e-02
1.274787242669322106e-02
-9.477585766450530302e-02
-5.950219145391227871e-02
1.237048698779118390e-02
-1.083069322498657616e-01
9.189464665778575986e-03
-1.000178459545079529e-01
-5.254623538661637450e-02
3.905895415554985328e-03
-2.949998301834152840e-04
-4.079211989704290811e-05
6.744819755143985308e-04
-5.400535251158262995e-02
-3.314577464767614560e-03
-5.395342489322129710e-03
-3.162451175302389509e-03
-9.348099428978338954e-02
-3.149289862770813121e-03
-2.674808533329705793e-02
9.628144491527090723e-05
-3.438609758819202809e-03
5.274232274345048641e-03
-1.439291812174277319e-02
8.676032663248624613e-03
-8.655630862981045226e-02
1.497252022645868602e-03
-3.177115197721953610e-01
-1.848225177272219966e-01
-9.000193368923865497e-03
-2.307428088939318112e-01
-9.987935660837582441e-02
-2.723138458795200563e-03
-1.975593834060053108e-03
-3.270167629733113090e-02
-5.231468478361468027e-03
-2.753914895244076455e-02
-1.248024253394063310e-01
-5.704341190444328635e-02
-4.160126529538760859e-02
-1.325229210995768243e-02
7.283332534490773169e-02
8.764498605765008374e-03
1.477524786623297080e-02
-1.068012000857227473e-01
1.059249341355210372e-02
3.083516326634596662e-03
1.048570895568708694e-01
2.206620537168314019e-03
1.534228622517226463e-02
-1.048591830423525884e-02
8.967997018686018132e-03
1.060574232584413600e-02
1.410559921837819435e-03
-6.439069332683619584e-02
1.349516572852489313e-02
-2.566590831123739466e-02
-3.920682319717166964e-02
2.046652554441431068e-03
-2.191335990674702847e-02
2.307864000539725305e-02
2.207285438148898157e-06
-1.799782745673760411e-04
-1.637461765104176840e-03
-1.355545227767919860e-04
-7.543395784922985597e-03
2.079670241438503001e-02
-3.642189764788871659e-02
-1.341676519393903040e-02
-1.603935439638079974e-03
-1.798797342361394686e-02
1.599105758312452516e-03
-1.243589523590497709e-01
4.564195847245783311e-02
9.289980615720228041e-03
2.278841777803538096e-02
1.155944272517942135e-02
-4.795702572645396157e-03
7.368236314423162216e-03
6.522828891033273686e-03
-5.398681375189242314e-03
3.796982923612900098e-03
1.236058632470665719e-02
-1.377150103462774534e-03
-3.618334330937526366e-04
-3.391748481302917645e-03
1.056789126009345103e-01
-5.028778149183708163e-03
5.560352551064624664e-03
5.186857299318356485e-02
9.549693926797243881e-02
2.812690440296818431e-02
-5.454043748659489869e-03
-1.438870559033747672e-02
-4.422403752734122701e-02
7.157817580679040614e-02
-1.347884922691563146e-02
1.950580203465717560e-02
8.616236744598880157e-03
-1.514796464490538374e-03
-4.783527417116619114e-03
-9.586698813754323742e-03
-2.414628081257515300e-03
-3.288156840369934209e-03
1.657124712928312576e-03
-1.016844020663208899e-02
-7.740045347051122127e-02
-1.969448995614714315e-02
-2.000823242145643912e-03
-1.153033086178961676e-03
5.321209331750967331e-03
-4.016562871759952330e-02
1.582766739473198334e-02
-2.875948423962099826e-04
3.793084829752720738e-02
-3.159435369504858503e-03
-5.522627968042161627e-03
-1.022093074001069052e-01
-2.065644074071401326e-01
-2.930167100839179903e-02
3.296189961879734953e-02
-2.240251889575994425e-03
1.177008572466576794e-02
-6.574590209922641371e-02
-7.357027482781844374e-02
-2.427395425087410241e-01
-4.609013035419206455e-02
2.533711551794257666e-01
-7.448575993764117165e-02
7.281136629587034101e-03
6.223922046597974399e-03
-8.220366109703408641e-02
1.173737557577327235e-02
-3.370585338356211352e-02
-1.878055556670723061e-02
-7.094237304329896465e-02
6.036467861839073940e-02
-1.854176835216062025e-02
-2.705348294344858337e-02
-5.488005554961099264e-02
1.133672329904654788e-02
5.052874628799763727e-03
-1.839691514489888088e-02
6.729617359042084496e-03
-2.421705606357067546e-03
-8.612508072320194941e-02
-9.389634941964400405e-02
5.851960067530846688e-02
-2.275294109134812226e-01
-1.844040595576819375e-02
3.906986037149070418e-02
2.458506661701059803e-01
-4.617828137905489907e-04
-2.009834390553498149e-02
-3.072317512781747029e-02
-4.516127270777267784e-03
4.636657072033700810e-03
9.963459163466257054e-03
-1.793363714336348724e-01
-1.427630961516458130e-01
-1.167778081753789027e-01
7.230393929758785476e-02
-1.246531878838931101e-01
6.532769638843194393e-02
1.104546991034460919e-02
1.736409486779232764e-03
-6.408908873569131581e-03
2.026820450851224420e-02
1.827530801688523679e-02
4.629482118135345124e-03
3.903770209397287860e-02
4.167835557408486498e-03
1.429163453618360110e-03
-2.692155477708034483e-02
3.572181333201709073e-03
1.085249484215446841e-02
2.972509974571476278e-04
2.267642105604988564e-02
