-6.250256331565949564e-02
-1.139032816644529045e-01
-1.255650700080655768e-01
4.594356922556710326e-02
-7.870817972878231539e-03
-3.668148629786621012e-02
-6.528702309193135100e-02
-1.342242279398337193e-02
-1.909320113703496385e-02
-4.270531115254416060e-02
7.758638403260725153e-03
4.511176172601585183e-02
2.481843397089439004e-02
2.443493025538271135e-01
-6.507751639247570663e-02
-1.371473797353554291e-01
-8.831359482842436603e-02
3.102411917844219436e-02
-1.624076806021100897e-02
-2.155467046693567562e-02
-8.300360415000998526e-02
-3.944943962153358089e-03
-9.236030129911171338e-02
-6.693370668098319598e-02
1.125357686040253657e-01
-5.415021838413234569e-03
1.255913028948309716e-02
-1.103978548246027230e-01
6.391283778656184356e-02
-5.254068578296650777e-02
-2.783255908021080999e-02
9.552815455136552669e-03
1.075450459977880802e-02
3.281845214759478851e-02
7.914650158040315020e-02
-1.483870067932163417e-01
-1.508375516801764848e-01
4.170990199591680797e-02
6.529786415706016756e-02
1.189918686420767119e-01
1.291262543962590215e-01
1.993832723608335300e-02
-4.489332189472195270e-03
4.444539363491283902e-03
-4.623903873818160579e-03
3.727186371101638696e-02
-1.012551942820163510e-03
6.025562628151225758e-02
-4.218191372774160453e-02
-6.225998252241358305e-02
-6.439487500902871947e-03
-1.386083680057359664e-02
-1.632471820019477937e-02
-2.588295889211782511e-02
-5.188773562373578951e-03
-2.242333799041143147e-03
1.126209559799247001e-04
-3.303145406746823241e-03
-3.273016320138701779e-02
-5.309644176714515065e-03
-3.358052693345232181e-02
-3.169646626644601062e-02
-1.277341496786758013e-01
-9.553584799645169906e-03
-3.571033570304950333e-02
-2.113624471043317344e-03
-1.068100579322978638e-01
-5.570804943178291925e-03
-1.794819950403181777e-02
-7.479564093448541617e-02
-1.302868198599344829e-01
-2.367438830678527881e-02
-5.948122176822175922e-01
-1.575357692636898954e-01
-1.713488146047582178e-02
-4.106157494560698229e-01
-1.151670973834776901e-01
-1.690242180161491414e-02
-3.004276590654116931e-03
-2.585228720644296152e-02
-4.172507170707410659e-03
-2.873908361365892436e-02
-7.862283256332133763e-02
1.790409175308741233e-02
-1.737767826751339395e-01
-1.110548992470218044e-01
-2.077818071362053098e-02
-5.765342358051613741e-02
-2.217796173584316022e-02
1.134287824930789723e-01
-1.040291304475258159e-02
-1.107387478982117812e-02
2.823541741308658801e-02
-5.755390632704138892e-02
-1.748980694412419906e-02
2.295908155904950992e-03
-4.774167400877862150e-02
-1.043009896688761561e-02
-1.549228320134153104e-02
-7.537050575002537944e-02
-3.012446031057423174e-02
-1.465300505656196017e-02
-2.765708719684902700e-02
8.599008561649109164e-03
7.873325005742458360e-02
7.258892813972964153e-02
-1.170751393286433489e-04
-4.419489993504525580e-03
-4.078987460305402366e-03
-2.383906487072047931e-03
-1.078474756724978958e-02
-3.571087041195174921e-02
-1.279797761093876551e-01
7.075265549205433588e-03
-7.471317963899426311e-03
1.823623328234031393e-01
7.078498717375117551e-03
6.579075586537516673e-02
-1.104437716749579190e-01
1.651798771359350507e-02
1.497109859110795360e-01
5.662609888894705457e-02
6.815564067270635761e-03
-4.629400983347482963e-03
-1.116019501815938494e-02
-9.532262678008985440e-03
-1.675119788926377872e-03
-6.957453777875834654e-03
-6.360257187423910396e-04
-5.181128244791284587e-03
-9.690423118884078238e-04
2.483237608410859137e-02
-1.824983002292176332e-02
-1.803009300699057876e-02
7.090840020083583051e-02
9.342766632354546075e-02
-3.137614045488042874e-02
-1.705041845876676190e-02
-2.637479215798455359e-02
-4.467703033224459247e-02
-3.955009865538373914e-02
-4.829521915614816635e-04
-3.810339010406361276e-02
-2.263921880628418787e-02
-2.688939511009654296e-02
-1.287740445435414834e-02
2.908231192934114268e-03
2.088326701842082092e-02
-8.084004538422222275e-03
-9.879507717906906711e-03
-9.613847660481492433e-03
-8.227347690038822048e-02
-6.478821159759346436e-03
-1.898261279733901713e-02
-2.358424288580035760e-04
-8.465744005722697363e-03
-8.550093699279486675e-03
-7.516583068967636581e-03
-1.853475301242156134e-02
2.090667551393004253e-01
1.327367002009939567e-02
2.430260328042798540e-02
2.187758243755967835e-01
1.564066556014030718e-01
-3.296083964113249304e-02
-1.815278855545826575e-02
-2.009044124528180236e-02
-5.421406567759593648e-02
-2.817788475040830520e-02
-3.001611404802245059e-03
6.176714633819938710e-02
3.280017203395923370e-02
-1.132967053144762620e-01
-2.103461991162485639e-02
2.427267556859113301e-02
5.535321895842942180e-02
1.697075225752477656e-01
4.615350771143403308e-02
1.359535845596803738e-01
1.674775557894934985e-01
5.238130679153897573e-02
-4.300707689035623837e-02
1.814387919791840276e-01
-3.359658928997408256e-02
-4.616796487282944644e-02
-3.117551814503691579e-02
-9.216500472641893371e-02
1.333909551455946495e-02
9.868740958468387643e-05
-4.348323321711072831e-02
8.027469964376320044e-02
1.271654781075533536e-01
-2.524358144038741855e-02
1.686937775868489198e-01
-1.919126447396974494e-02
-1.247804536529715652e-01
-1.231652466243318284e-01
-6.740686032287841745e-02
-1.345556243392353850e-02
3.957948723463721591e-02
1.875302994454563013e-02
-2.574432920697565866e-02
1.528966987891976492e-01
5.287560413978366347e-02
4.722141733342916786e-02
6.470815703899573945e-02
-1.235244492614137324e-01
3.756887842779479871e-03
-1.115391689391723729e-01
-4.031336344355234552e-02
1.452073986746540285e-03
-1.415815491348111632e-01
-1.634440550373603487e-02
-2.617038618573420614e-02
-9.627003095727076909e-02
-3.953760143123941084e-02
-2.015346425604417485e-02
-6.839563879281113090e-03
-4.635919458505771001e-02
2.011337277518002176e-02
-1.271943093319834704e-02
-2.709712188339405837e-05
-5.671507975511387058e-03
