5.071038717948773977e-02
-6.507156728634268250e-02
5.405962762575491215e-02
9.376915850557179799e-02
6.781888438738309377e-03
-1.160535274731558930e-01
6.252690514718782511e-02
-1.292301037577325840e-02
-1.229861183981938583e-01
-2.066618347794830363e-02
-7.566038231495890443e-02
1.135483161809227801e-02
1.070591480024065123e-01
1.026014884802764621e-01
6.809302570781081143e-02
2.385913495057911948e-02
1.683650885845778822e-01
4.416475555119003804e-02
1.048670714338212351e-01
2.619133244494993313e-03
5.321633216186694160e-02
7.067569723874666913e-03
2.878361921622219488e-01
5.081865856853521463e-02
7.489325998209969693e-02
4.244942180703872685e-03
-2.745498299533266282e-02
-3.849275506155712401e-02
-4.339683997108764041e-02
1.399048527078871652e-02
-6.493730668582726150e-03
8.854196300057192576e-03
-4.162102222071434147e-03
2.125595565561066158e-01
-9.596032724368305789e-02
1.085295073244385983e-01
1.301063776125506999e-01
1.446796775949902962e-02
-3.261950460129552781e-02
-1.610203425793024432e-02
5.975188689160099847e-02
3.317251818870058360e-03
-2.111745227780566052e-03
-1.510067929067812967e-02
-9.454622565850277424e-03
2.680409338455104831e-02
4.394403755978655395e-03
-4.190444835032027665e-02
-1.023379171811297783e-02
-3.528812650925169242e-02
9.859282439198759421e-03
-3.450613335314531988e-02
-1.699150353476890363e-01
-4.962636324656507364e-02
4.477664218670406992e-04
1.899925681951519731e-04
1.307639050110487083e-04
1.132648546084622388e-03
-7.510269585356210698e-02
3.811781300029069928e-03
-5.652728688712368478e-03
-4.862320848322861447e-03
-1.510323411627762236e-01
8.135542997801357978e-03
-5.931588583620521493e-02
2.724806599914346796e-04
1.672548524392608246e-02
-2.060332952933268541e-03
-2.898516183467539364e-02
3.347491118769761135e-03
1.956196609381980964e-02
-2.102758986309835945e-02
2.510786411367333937e-01
4.267431727119602725e-02
3.576138268122153793e-03
7.803298275034491194e-02
-1.744594428270801467e-02
6.653716715641490136e-03
1.503736833397556353e-03
3.196500765926344606e-02
4.288508892569886828e-03
3.042510088652317785e-02
8.997213031256119653e-02
-4.649110710685933762e-02
4.529600093435647012e-02
-1.074166993473855969e-01
4.280079874027420406e-02
-3.703592471984228085e-02
-2.400494993158425877e-02
-7.243899545191194098e-03
1.958503802000939598e-02
1.216081432984845133e-02
3.295458891549584574e-02
7.583096279549445332e-03
5.911135901329114296e-03
-6.375615557901165645e-03
6.861964935594052880e-04
9.446379053965626646e-03
4.159575739553406787e-03
-9.409077460145819083e-02
1.726107512311271172e-02
2.613185848390229063e-02
5.345758938699539907e-03
1.081081451631939368e-02
2.334830525366011697e-02
1.691968083516381949e-02
6.978411460607214490e-05
2.461651412190815798e-03
8.445088091101082307e-04
7.001856725147524371e-03
1.432026369362110821e-02
-7.074654117720591273e-02
-5.977614711136448877e-02
4.035573551990556673e-02
1.109544503938558226e-02
2.759553392406359842e-02
1.573540154036548108e-02
5.055384727835430386e-02
2.187229059741976553e-02
-5.991269384278134075e-02
2.027815581337082396e-01
-6.483229094046386032e-02
2.391113458645072534e-02
2.379187047444548606e-02
7.894707580409289147e-03
7.376918131446108008e-03
6.002828142768743859e-04
1.367599083556582384e-02
-2.727017398727878388e-03
1.072847780147528907e-02
1.080536712694264278e-03
1.265916017405128990e-01
-9.860226849712256866e-03
-3.353445660899225661e-02
4.968968160156560232e-02
1.878149226235587832e-01
-6.120708945970639719e-02
5.377834167951035110e-02
6.257082983168836023e-03
-6.649321462036045238e-02
1.236079819406605933e-02
1.098329067435693633e-03
-2.027078368178275580e-02
6.538732928235173845e-03
7.013639421649285263e-03
1.499930112520130379e-02
1.030379292839225282e-02
-8.775395685196196727e-02
-4.906578938380251956e-03
6.273646634217757215e-03
-3.044298915261406131e-03
-4.371059344120013790e-02
-2.620089434349132107e-03
1.507224915461386795e-02
2.494473461857425658e-03
2.789811097908714149e-02
-1.124339885874924005e-03
-1.161500984565583781e-02
2.970907862025977397e-02
1.577318097696060739e-02
2.821961012281916370e-02
-1.211326730903073967e-01
1.477561011054853539e-02
6.459370567371032490e-02
1.956279839504790688e-02
-2.919090399053094267e-02
2.919794081474207017e-03
-7.116027247431176705e-02
1.425382646415469801e-02
5.333227822264804269e-02
-7.241833699027766524e-02
3.992394769510006214e-02
-6.002286048213796299e-01
-2.604662605633494346e-02
-1.467412419497622356e-01
-1.448204436768890657e-01
-6.885005170347285874e-02
-1.278114183933992121e-01
-9.073928987868956630e-02
4.836679191450030807e-02
1.073414837937356793e-02
1.438765353602070862e-01
2.116640396529837626e-02
2.234847549858217861e-02
2.350011418755716328e-02
-4.082237630630175529e-02
1.137128515630762837e-02
-3.526539128620481689e-02
-4.019005420895838121e-02
-8.468092819754709233e-02
1.258587619320790107e-01
-9.477280796986974065e-02
1.671920298879918110e-01
1.166080945424523112e-02
4.921634975415921896e-03
-1.380385831430587795e-01
-5.691593944351825973e-01
-2.020231961144197674e-02
-1.223374792389896222e-02
5.224380977216193205e-03
1.769048943053937173e-02
-7.458730546471332599e-04
1.042730644808127771e-02
1.497919499765101338e-02
7.083704358155601399e-02
-1.339227861495312644e-01
-5.480027787507588816e-02
4.477395131396089828e-02
-7.024172960351247885e-02
6.305320755709322052e-03
-2.520971132161313032e-03
6.983070091781756750e-02
1.883435598075119607e-02
-7.121442419469573015e-02
4.067025389609867092e-02
4.562833445173999219e-02
-7.727868852065179197e-04
5.839886839727474049e-03
3.682103406767398349e-03
3.054334511106460495e-02
1.197386033018724497e-02
3.930648010894726221e-03
4.545169216349111835e-02
